0 0.2786458333333333 0.7277777777777777 0.2859375 0.7240740740740741 0.2942708333333333 0.7129629629629629 0.29010416666666666 0.7027777777777777 0.2755208333333333 0.7129629629629629 0.2755208333333333 0.7212962962962963 0.2786458333333333 0.7277777777777777
0 0.26510416666666664 0.5296296296296297 0.2682291666666667 0.5203703703703704 0.26614583333333336 0.5120370370370371 0.253125 0.5157407407407407 0.25364583333333335 0.5296296296296297 0.26510416666666664 0.5296296296296297
0 0.2791666666666667 0.31203703703703706 0.2864583333333333 0.3101851851851852 0.2859375 0.2962962962962963 0.2765625 0.28888888888888886 0.27239583333333334 0.2935185185185185 0.27239583333333334 0.3055555555555556 0.2791666666666667 0.31203703703703706
0 0.36666666666666664 0.9138888888888889 0.371875 0.9138888888888889 0.3796875 0.8898148148148148 0.3729166666666667 0.8842592592592593 0.3651041666666667 0.9037037037037037 0.3645833333333333 0.9092592592592592 0.36666666666666664 0.9138888888888889
0 0.4276041666666667 0.9629629629629629 0.4328125 0.9361111111111111 0.42864583333333334 0.9314814814814815 0.4239583333333333 0.9314814814814815 0.42083333333333334 0.9472222222222222 0.42083333333333334 0.9611111111111111 0.4276041666666667 0.9629629629629629
0 0.55 0.9805555555555555 0.5546875 0.9805555555555555 0.5578125 0.9768518518518519 0.55625 0.95 0.5484375 0.9490740740740741 0.5484375 0.9768518518518519 0.55 0.9805555555555555
0 0.6713541666666667 0.875 0.675 0.8759259259259259 0.6791666666666667 0.8703703703703703 0.6791666666666667 0.8629629629629629 0.671875 0.8444444444444444 0.6682291666666667 0.8435185185185186 0.6630208333333333 0.850925925925926 0.6635416666666667 0.8592592592592593 0.6713541666666667 0.875
0 0.7416666666666667 0.700925925925926 0.7463541666666667 0.7 0.7484375 0.6907407407407408 0.746875 0.6851851851851852 0.734375 0.6768518518518518 0.7307291666666667 0.6824074074074075 0.7307291666666667 0.6916666666666667 0.7416666666666667 0.700925925925926
0 0.7536458333333333 0.5009259259259259 0.765625 0.5027777777777778 0.7697916666666667 0.4935185185185185 0.7692708333333333 0.48518518518518516 0.765625 0.4824074074074074 0.7552083333333334 0.48333333333333334 0.7520833333333333 0.48703703703703705 0.7515625 0.49722222222222223 0.7536458333333333 0.5009259259259259
0 0.734375 0.31296296296296294 0.746875 0.3055555555555556 0.7489583333333333 0.3 0.7447916666666666 0.28703703703703703 0.73125 0.2962962962962963 0.7307291666666667 0.30092592592592593 0.734375 0.31296296296296294
0 0.6541666666666667 0.125 0.6583333333333333 0.12685185185185185 0.6645833333333333 0.10925925925925926 0.6645833333333333 0.1037037037037037 0.659375 0.09444444444444444 0.6546875 0.09537037037037037 0.6489583333333333 0.11388888888888889 0.6541666666666667 0.125
0 0.34427083333333336 0.1537037037037037 0.35 0.14722222222222223 0.35 0.14166666666666666 0.3458333333333333 0.13796296296296295 0.34479166666666666 0.1259259259259259 0.3416666666666667 0.1259259259259259 0.33645833333333336 0.13333333333333333 0.3359375 0.1398148148148148 0.34427083333333336 0.1537037037037037
0 0.541375 0.02579722222222222 0.5410494791666667 0.042589814814814816 0.5475625 0.04374814814814815 0.5485395833333333 0.02753425925925926 0.5495166666666667 0.012478703703703704 0.5420953125000001 0.011142592592592593 0.541375 0.02579722222222222
0 0.5508192708333334 0.028692592592592592 0.5491911458333333 0.041431481481481486 0.5570067708333333 0.046064814814814815 0.5579838541666666 0.031587962962962964 0.5605890625 0.01421574074074074 0.5523515625000001 0.0157 0.5508192708333334 0.028692592592592592