0 0.28802083333333334 0.30185185185185187 0.2911458333333333 0.3 0.290625 0.28703703703703703 0.2796875 0.2777777777777778 0.2760416666666667 0.2814814814814815 0.2760416666666667 0.29444444444444445 0.28802083333333334 0.30185185185185187
0 0.25416666666666665 0.5 0.265625 0.5009259259259259 0.2682291666666667 0.4981481481481482 0.26666666666666666 0.4842592592592593 0.2515625 0.4842592592592593 0.25104166666666666 0.4962962962962963 0.25416666666666665 0.5
0 0.27239583333333334 0.6972222222222222 0.2869791666666667 0.6861111111111111 0.2864583333333333 0.6768518518518518 0.2833333333333333 0.6731481481481482 0.26927083333333335 0.6814814814814815 0.26927083333333335 0.6898148148148148 0.27239583333333334 0.6972222222222222
0 0.33177083333333335 0.8592592592592593 0.33541666666666664 0.8592592592592593 0.34427083333333336 0.8379629629629629 0.3416666666666667 0.8305555555555556 0.3380208333333333 0.8305555555555556 0.32864583333333336 0.8453703703703703 0.32760416666666664 0.8527777777777777 0.33177083333333335 0.8592592592592593
0 0.36614583333333334 0.12222222222222222 0.3723958333333333 0.11851851851851852 0.3729166666666667 0.11203703703703703 0.36614583333333334 0.09351851851851851 0.3614583333333333 0.09444444444444444 0.35833333333333334 0.10185185185185185 0.3578125 0.10555555555555556 0.36614583333333334 0.12222222222222222
0 0.4869791666666667 0.040740740740740744 0.48854166666666665 0.03888888888888889 0.48802083333333335 0.013888888888888888 0.48541666666666666 0.010185185185185186 0.4796875 0.011111111111111112 0.4796875 0.03981481481481482 0.4869791666666667 0.040740740740740744
0 0.5473958333333333 0.04351851851851852 0.546875 0.032407407407407406 0.5494791666666666 0.01574074074074074 0.5432291666666667 0.012037037037037037 0.5395833333333333 0.016666666666666666 0.5401041666666667 0.04259259259259259 0.5473958333333333 0.04351851851851852
0 0.6645833333333333 0.14907407407407408 0.66875 0.15092592592592594 0.6760416666666667 0.13055555555555556 0.675 0.12222222222222222 0.6677083333333333 0.11666666666666667 0.6630208333333333 0.1259259259259259 0.6609375 0.14166666666666666 0.6645833333333333 0.14907407407407408
0 0.7307291666666667 0.3101851851851852 0.7447916666666666 0.2972222222222222 0.7411458333333333 0.2833333333333333 0.7286458333333333 0.2935185185185185 0.7270833333333333 0.30092592592592593 0.7307291666666667 0.3101851851851852
0 0.7661458333333333 0.5259259259259259 0.7677083333333333 0.5166666666666667 0.7661458333333333 0.5101851851851852 0.7526041666666666 0.5111111111111111 0.753125 0.5268518518518519 0.7661458333333333 0.5259259259259259
0 0.7364583333333333 0.7277777777777777 0.7411458333333333 0.7268518518518519 0.7432291666666667 0.7175925925925926 0.7421875 0.712037037037037 0.7338541666666667 0.7027777777777777 0.7302083333333333 0.7027777777777777 0.7265625 0.7083333333333334 0.7265625 0.7175925925925926 0.7364583333333333 0.7277777777777777
0 0.4484375 0.9768518518518519 0.45364583333333336 0.9768518518518519 0.45677083333333335 0.9675925925925926 0.45677083333333335 0.9472222222222222 0.44947916666666665 0.9472222222222222 0.44635416666666666 0.9601851851851851 0.44583333333333336 0.9731481481481481 0.4484375 0.9768518518518519
0 0.5728776041666667 0.945475925925926 0.5661286458333333 0.9487666666666665 0.5680880208333333 0.9656064814814815 0.5692854166666667 0.9768342592592593 0.5764692708333333 0.9723814814814815 0.5756802083333333 0.9622824074074074 0.5728776041666667 0.945475925925926
0 0.5584005208333332 0.9687037037037037 0.5612302083333333 0.9814796296296296 0.5683057291666667 0.9779953703703703 0.5673260416666667 0.9659944444444444 0.5658020833333333 0.9495407407407407 0.5582640624999999 0.9533324074074073 0.5584005208333332 0.9687037037037037