0 0.2598958333333333 0.49444444444444446 0.26614583333333336 0.49074074074074076 0.265625 0.47685185185185186 0.25 0.4787037037037037 0.2515625 0.4925925925925926 0.2598958333333333 0.49444444444444446
0 0.26875 0.6925925925925925 0.2765625 0.687962962962963 0.28177083333333336 0.6787037037037037 0.2791666666666667 0.6722222222222223 0.26510416666666664 0.6759259259259259 0.26510416666666664 0.6842592592592592 0.26875 0.6925925925925925
0 0.34270833333333334 0.8777777777777778 0.35208333333333336 0.8583333333333333 0.35208333333333336 0.8518518518518519 0.3463541666666667 0.8472222222222222 0.33697916666666666 0.8629629629629629 0.33697916666666666 0.8731481481481481 0.34270833333333334 0.8777777777777778
0 0.440625 0.9722222222222222 0.44583333333333336 0.9648148148148148 0.44895833333333335 0.9453703703703704 0.44375 0.9398148148148148 0.43854166666666666 0.9416666666666667 0.4354166666666667 0.9675925925925926 0.440625 0.9722222222222222
0 0.5822916666666667 0.9703703703703703 0.584375 0.9657407407407408 0.5807291666666666 0.9407407407407408 0.5723958333333333 0.9425925925925925 0.5755208333333334 0.9703703703703703 0.5822916666666667 0.9703703703703703
0 0.6302083333333334 0.9203703703703704 0.6359375 0.9268518518518518 0.6401041666666667 0.925 0.6354166666666666 0.8981481481481481 0.6333333333333333 0.8962962962962963 0.628125 0.9009259259259259 0.6270833333333333 0.9083333333333333 0.6302083333333334 0.9203703703703704
0 0.44583333333333336 0.05185185185185185 0.453125 0.053703703703703705 0.4546875 0.05 0.45416666666666666 0.025925925925925925 0.453125 0.022222222222222223 0.44583333333333336 0.025 0.44375 0.028703703703703703 0.44583333333333336 0.05185185185185185
0 0.584375 0.062037037037037036 0.5880208333333333 0.06111111111111111 0.5911458333333334 0.03611111111111111 0.5885416666666666 0.03148148148148148 0.5822916666666667 0.030555555555555555 0.5796875 0.03796296296296296 0.578125 0.05648148148148148 0.584375 0.062037037037037036
0 0.675 0.15925925925925927 0.6786458333333333 0.16018518518518518 0.6859375 0.14351851851851852 0.6854166666666667 0.13703703703703704 0.6817708333333333 0.13055555555555556 0.6776041666666667 0.13055555555555556 0.6739583333333333 0.13703703703703704 0.6697916666666667 0.14722222222222223 0.675 0.15925925925925927
0 0.7364583333333333 0.32222222222222224 0.75 0.3101851851851852 0.7479166666666667 0.29907407407407405 0.7447916666666666 0.2972222222222222 0.7328125 0.3055555555555556 0.7338541666666667 0.3194444444444444 0.7364583333333333 0.32222222222222224
0 0.753125 0.525 0.7666666666666667 0.5231481481481481 0.7677083333333333 0.5111111111111111 0.7651041666666667 0.5083333333333333 0.7515625 0.5111111111111111 0.7510416666666667 0.5222222222222223 0.753125 0.525
0 0.7265625 0.762962962962963 0.7307291666666667 0.7601851851851852 0.7322916666666667 0.7472222222222222 0.725 0.7416666666666667 0.7203125 0.7333333333333333 0.715625 0.7416666666666667 0.715625 0.7509259259259259 0.7265625 0.762962962962963
0 0.3448557291666667 0.12404444444444443 0.3481270833333333 0.131525 0.35498229166666667 0.1453777777777778 0.3598119791666667 0.13706574074074074 0.35404739583333333 0.12432129629629629 0.35034739583333335 0.11466666666666667 0.3448557291666667 0.12404444444444443
0 0.34158385416666665 0.14343796296296296 0.3481270833333333 0.15590555555555555 0.35326874999999996 0.14620833333333333 0.346725 0.13401851851851854 0.3432973958333333 0.12653796296296296 0.3380005208333333 0.13512685185185186 0.34158385416666665 0.14343796296296296