0 0.25677083333333334 0.38425925925925924 0.2671875 0.38981481481481484 0.271875 0.38796296296296295 0.271875 0.3731481481481482 0.26197916666666665 0.36944444444444446 0.2557291666666667 0.37222222222222223 0.2552083333333333 0.3814814814814815 0.25677083333333334 0.38425925925925924
0 0.32447916666666665 0.19074074074074074 0.32760416666666664 0.18888888888888888 0.33125 0.17592592592592593 0.3234375 0.16944444444444445 0.32135416666666666 0.1638888888888889 0.31666666666666665 0.16666666666666666 0.3140625 0.17592592592592593 0.32447916666666665 0.19074074074074074
0 0.36770833333333336 0.12037037037037036 0.3729166666666667 0.11851851851851852 0.37604166666666666 0.11203703703703703 0.36770833333333336 0.09074074074074075 0.36302083333333335 0.09074074074074075 0.35989583333333336 0.0962962962962963 0.359375 0.10185185185185185 0.36770833333333336 0.12037037037037036
0 0.4942708333333333 0.04259259259259259 0.49895833333333334 0.04259259259259259 0.5015625 0.03981481481481482 0.5010416666666667 0.012037037037037037 0.4979166666666667 0.009259259259259259 0.4921875 0.011111111111111112 0.49270833333333336 0.03888888888888889 0.4942708333333333 0.04259259259259259
0 0.609375 0.07685185185185185 0.6145833333333334 0.05555555555555555 0.6140625 0.049074074074074076 0.6057291666666667 0.044444444444444446 0.6020833333333333 0.05648148148148148 0.6010416666666667 0.0712962962962963 0.609375 0.07685185185185185
0 0.25833333333333336 0.6268518518518519 0.2703125 0.6203703703703703 0.27291666666666664 0.6157407407407407 0.2703125 0.6055555555555555 0.2546875 0.6092592592592593 0.2546875 0.6212962962962963 0.25833333333333336 0.6268518518518519
0 0.30885416666666665 0.8148148148148148 0.32083333333333336 0.7953703703703704 0.3171875 0.7888888888888889 0.31302083333333336 0.7888888888888889 0.30416666666666664 0.8 0.30364583333333334 0.8074074074074075 0.30885416666666665 0.8148148148148148
0 0.39739583333333334 0.9388888888888889 0.4046875 0.9148148148148149 0.39739583333333334 0.9064814814814814 0.390625 0.925 0.39010416666666664 0.9342592592592592 0.39739583333333334 0.9388888888888889
0 0.5052083333333334 0.9824074074074074 0.50625 0.9555555555555556 0.5005208333333333 0.9527777777777777 0.496875 0.9583333333333334 0.49583333333333335 0.9805555555555555 0.5052083333333334 0.9824074074074074
0 0.6229166666666667 0.9083333333333333 0.6302083333333334 0.9277777777777778 0.6333333333333333 0.9287037037037037 0.6380208333333334 0.9212962962962963 0.6359375 0.9046296296296297 0.63125 0.8962962962962963 0.6265625 0.8972222222222223 0.6229166666666667 0.9037037037037037 0.6229166666666667 0.9083333333333333
0 0.7010416666666667 0.20555555555555555 0.7015625 0.20833333333333334 0.7036458333333333 0.21296296296296297 0.7057291666666666 0.21296296296296297 0.70625 0.21388888888888888 0.7145833333333333 0.2 0.715625 0.19907407407407407 0.715625 0.1925925925925926 0.7145833333333333 0.18888888888888888 0.7130208333333333 0.18611111111111112 0.7109375 0.18425925925925926 0.7088541666666667 0.18425925925925926 0.7057291666666666 0.18796296296296297 0.7005208333333334 0.19814814814814816 0.6994791666666667 0.20277777777777778 0.7010416666666667 0.20555555555555555
0 0.7489583333333333 0.3907407407407407 0.7619791666666667 0.3861111111111111 0.7640625 0.38055555555555554 0.7614583333333333 0.3685185185185185 0.7479166666666667 0.375 0.746875 0.3814814814814815 0.7489583333333333 0.3907407407407407
0 0.7228010416666667 0.7781240740740741 0.7268869791666667 0.766499074074074 0.7143567708333334 0.7497527777777777 0.7105432291666667 0.761412962962963 0.7228010416666667 0.7781240740740741
0 0.71245 0.7841796296296296 0.7183062499999999 0.7921722222222223 0.7222562499999999 0.7817574074074074 0.716671875 0.7747333333333333 0.7097598958333333 0.7642805555555555 0.7049588541666666 0.7720694444444445 0.71245 0.7841796296296296