0 0.31927083333333334 0.18796296296296297 0.3265625 0.19537037037037036 0.33177083333333335 0.18888888888888888 0.3333333333333333 0.1814814814814815 0.32916666666666666 0.17962962962962964 0.32864583333333336 0.1712962962962963 0.32447916666666665 0.16574074074074074 0.3177083333333333 0.1712962962962963 0.31614583333333335 0.18055555555555555 0.31927083333333334 0.18796296296296297
0 0.4354166666666667 0.06574074074074074 0.4390625 0.06296296296296296 0.440625 0.05648148148148148 0.43854166666666666 0.05185185185185185 0.4375 0.03611111111111111 0.42864583333333334 0.03888888888888889 0.43125 0.06388888888888888 0.4354166666666667 0.06574074074074074
0 0.5484375 0.044444444444444446 0.5479166666666667 0.016666666666666666 0.5390625 0.013888888888888888 0.5369791666666667 0.019444444444444445 0.5359375 0.04259259259259259 0.5484375 0.044444444444444446
0 0.634375 0.10185185185185185 0.6416666666666667 0.11203703703703703 0.6489583333333333 0.11666666666666667 0.6526041666666667 0.11296296296296296 0.6515625 0.10833333333333334 0.6552083333333333 0.09537037037037037 0.6510416666666666 0.08425925925925926 0.6458333333333334 0.08333333333333333 0.640625 0.0962962962962963 0.634375 0.10185185185185185
0 0.7213541666666666 0.262037037037037 0.7239583333333334 0.26296296296296295 0.7354166666666667 0.25 0.7338541666666667 0.2388888888888889 0.73125 0.2361111111111111 0.7234375 0.24444444444444444 0.7197916666666667 0.2518518518518518 0.7213541666666666 0.262037037037037
0 0.753125 0.487962962962963 0.76875 0.4898148148148148 0.7703125 0.48055555555555557 0.7682291666666666 0.47129629629629627 0.753125 0.47314814814814815 0.7515625 0.4759259259259259 0.753125 0.487962962962963
0 0.7364583333333333 0.7212962962962963 0.7411458333333333 0.7194444444444444 0.7427083333333333 0.7129629629629629 0.7416666666666667 0.7046296296296296 0.73125 0.6962962962962963 0.7270833333333333 0.6962962962962963 0.725 0.7027777777777777 0.725 0.7101851851851851 0.7364583333333333 0.7212962962962963
0 0.6947916666666667 0.8037037037037037 0.703125 0.8148148148148148 0.7072916666666667 0.8138888888888889 0.709375 0.8037037037037037 0.7010416666666667 0.7888888888888889 0.6958333333333333 0.787962962962963 0.69375 0.7935185185185185 0.6927083333333334 0.8 0.6947916666666667 0.8037037037037037
0 0.59375 0.9601851851851851 0.596875 0.9518518518518518 0.5921875 0.9287037037037037 0.5875 0.9277777777777778 0.5838541666666667 0.9324074074074075 0.5875 0.9601851851851851 0.59375 0.9601851851851851
0 0.48385416666666664 0.9814814814814815 0.48385416666666664 0.9564814814814815 0.47552083333333334 0.9546296296296296 0.4734375 0.9694444444444444 0.4734375 0.9833333333333333 0.48385416666666664 0.9814814814814815
0 0.36302083333333335 0.9092592592592592 0.3692708333333333 0.8833333333333333 0.36614583333333334 0.8805555555555555 0.3614583333333333 0.8824074074074074 0.35520833333333335 0.8972222222222223 0.35625 0.9055555555555556 0.36302083333333335 0.9092592592592592
0 0.2828125 0.7592592592592593 0.2859375 0.7620370370370371 0.2984375 0.7472222222222222 0.296875 0.7388888888888889 0.29322916666666665 0.7351851851851852 0.28229166666666666 0.7453703703703703 0.28072916666666664 0.7509259259259259 0.2828125 0.7592592592592593
0 0.2684713541666667 0.36263425925925924 0.2762 0.3659666666666667 0.27994739583333333 0.35305185185185184 0.27057916666666665 0.3501351851851852 0.26402135416666667 0.34471851851851854 0.26050833333333334 0.3555509259259259 0.2684713541666667 0.36263425925925924
0 0.2668317708333333 0.37929907407407404 0.27479479166666665 0.3826324074074074 0.27666822916666667 0.37055 0.26823697916666667 0.36471759259259257 0.2607427083333333 0.36305092592592597 0.2593255208333333 0.37298425925925927 0.2668317708333333 0.37929907407407404