0 0.25625 0.6138888888888889 0.26927083333333335 0.6092592592592593 0.27239583333333334 0.6037037037037037 0.26875 0.5925925925925926 0.253125 0.6 0.253125 0.6083333333333333 0.25625 0.6138888888888889
0 0.2546875 0.4101851851851852 0.26666666666666666 0.41203703703703703 0.26927083333333335 0.4083333333333333 0.26979166666666665 0.4 0.2671875 0.3972222222222222 0.2552083333333333 0.39444444444444443 0.2526041666666667 0.3990740740740741 0.2520833333333333 0.4074074074074074 0.2546875 0.4101851851851852
0 0.31979166666666664 0.8342592592592593 0.3296875 0.8203703703703704 0.3302083333333333 0.8138888888888889 0.328125 0.8074074074074075 0.32447916666666665 0.8055555555555556 0.3140625 0.8203703703703704 0.3140625 0.8305555555555556 0.31979166666666664 0.8342592592592593
0 0.3625 0.9074074074074074 0.36666666666666664 0.9083333333333333 0.37447916666666664 0.8833333333333333 0.36822916666666666 0.8759259259259259 0.3640625 0.8842592592592593 0.35885416666666664 0.899074074074074 0.3625 0.9074074074074074
0 0.48802083333333335 0.9796296296296296 0.49114583333333334 0.9740740740740741 0.49114583333333334 0.9527777777777777 0.48385416666666664 0.950925925925926 0.4817708333333333 0.9537037037037037 0.48072916666666665 0.9777777777777777 0.48802083333333335 0.9796296296296296
0 0.3109375 0.21481481481481482 0.3140625 0.21481481481481482 0.3177083333333333 0.20925925925925926 0.32135416666666666 0.19537037037037036 0.3125 0.18425925925925926 0.30625 0.18796296296296297 0.303125 0.19537037037037036 0.303125 0.20277777777777778 0.3109375 0.21481481481481482
0 0.3932291666666667 0.08425925925925926 0.4005208333333333 0.0824074074074074 0.4015625 0.07777777777777778 0.39739583333333334 0.06018518518518518 0.39375 0.05740740740740741 0.3890625 0.06111111111111111 0.3875 0.06666666666666667 0.3932291666666667 0.08425925925925926
0 0.6135416666666667 0.9388888888888889 0.6197916666666666 0.9388888888888889 0.6223958333333334 0.9351851851851852 0.6229166666666667 0.9287037037037037 0.6161458333333333 0.9055555555555556 0.6083333333333333 0.9120370370370371 0.6078125 0.9175925925925926 0.6135416666666667 0.9388888888888889
0 0.7078125 0.8037037037037037 0.7104166666666667 0.8037037037037037 0.7140625 0.7953703703703704 0.7135416666666666 0.7888888888888889 0.703125 0.774074074074074 0.696875 0.7833333333333333 0.696875 0.7888888888888889 0.7078125 0.8037037037037037
0 0.7473958333333334 0.6157407407407407 0.7567708333333333 0.6194444444444445 0.7619791666666667 0.6157407407407407 0.7619791666666667 0.6037037037037037 0.7484375 0.5972222222222222 0.7447916666666666 0.6018518518518519 0.7442708333333333 0.612037037037037 0.7473958333333334 0.6157407407407407
0 0.7651041666666667 0.4185185185185185 0.7666666666666667 0.4148148148148148 0.7651041666666667 0.40185185185185185 0.7494791666666667 0.4074074074074074 0.7515625 0.4222222222222222 0.7651041666666667 0.4185185185185185
0 0.703125 0.20277777777777778 0.7114583333333333 0.19074074074074074 0.7125 0.1814814814814815 0.709375 0.175 0.7057291666666666 0.17407407407407408 0.6958333333333333 0.18703703703703703 0.6994791666666667 0.20185185185185187 0.703125 0.20277777777777778
0 0.6131046875 0.059693518518518514 0.60935 0.07471666666666667 0.6162963541666666 0.07939074074074075 0.6196755208333333 0.06503518518518518 0.62399375 0.05234814814814815 0.6160151041666667 0.04722685185185185 0.6131046875 0.059693518518518514
0 0.60428125 0.05335 0.601840625 0.06837314814814816 0.6082239583333333 0.07338148148148148 0.6110395833333333 0.059025925925925926 0.6149822916666667 0.046673148148148144 0.6075666666666667 0.04096851851851852 0.60428125 0.05335