0 0.265625 0.48333333333333334 0.2677083333333333 0.48055555555555557 0.265625 0.4666666666666667 0.2520833333333333 0.4666666666666667 0.25052083333333336 0.4703703703703704 0.2515625 0.4824074074074074 0.265625 0.48333333333333334
0 0.2765625 0.7185185185185186 0.2890625 0.7074074074074074 0.28958333333333336 0.6981481481481482 0.2859375 0.6935185185185185 0.27239583333333334 0.7027777777777777 0.27239583333333334 0.7138888888888889 0.2765625 0.7185185185185186
0 0.34270833333333334 0.8833333333333333 0.3484375 0.8851851851851852 0.35625 0.8685185185185185 0.3567708333333333 0.862037037037037 0.35208333333333336 0.8555555555555555 0.3489583333333333 0.8555555555555555 0.3411458333333333 0.8740740740740741 0.340625 0.8796296296296297 0.34270833333333334 0.8833333333333333
0 0.4390625 0.9694444444444444 0.44166666666666665 0.9740740740740741 0.4484375 0.975 0.4505208333333333 0.9703703703703703 0.45208333333333334 0.9481481481481482 0.44947916666666665 0.9444444444444444 0.44375 0.9462962962962963 0.4390625 0.962037037037037 0.4390625 0.9694444444444444
0 0.5536458333333333 0.9814814814814815 0.5578125 0.9796296296296296 0.559375 0.9722222222222222 0.5567708333333333 0.95 0.5489583333333333 0.950925925925926 0.55 0.9777777777777777 0.5536458333333333 0.9814814814814815
0 0.296875 0.27037037037037037 0.30052083333333335 0.26944444444444443 0.30364583333333334 0.25925925925925924 0.3015625 0.2537037037037037 0.290625 0.24444444444444444 0.2859375 0.25 0.2859375 0.25833333333333336 0.296875 0.27037037037037037
0 0.3307291666666667 0.18611111111111112 0.33489583333333334 0.18333333333333332 0.3385416666666667 0.175 0.33229166666666665 0.15092592592592594 0.3234375 0.16296296296296298 0.3223958333333333 0.1712962962962963 0.3307291666666667 0.18611111111111112
0 0.44479166666666664 0.06018518518518518 0.4505208333333333 0.05740740740740741 0.45625 0.02962962962962963 0.44479166666666664 0.027777777777777776 0.4401041666666667 0.032407407407407406 0.4427083333333333 0.05648148148148148 0.44479166666666664 0.06018518518518518
0 0.5609375 0.05 0.5635416666666667 0.022222222222222223 0.5567708333333333 0.018518518518518517 0.553125 0.02962962962962963 0.5536458333333333 0.04814814814814815 0.5609375 0.05
0 0.6645833333333333 0.1398148148148148 0.675 0.14814814814814814 0.6796875 0.12777777777777777 0.6786458333333333 0.12037037037037036 0.675 0.11574074074074074 0.6713541666666667 0.11666666666666667 0.6645833333333333 0.12685185185185185 0.6630208333333333 0.13055555555555556 0.6645833333333333 0.1398148148148148
0 0.7338541666666667 0.30092592592592593 0.7463541666666667 0.29074074074074074 0.7447916666666666 0.27870370370370373 0.7416666666666667 0.2759259259259259 0.7307291666666667 0.2861111111111111 0.73125 0.2962962962962963 0.7338541666666667 0.30092592592592593
0 0.6739583333333333 0.8712962962962963 0.6786458333333333 0.8712962962962963 0.68125 0.8657407407407407 0.6802083333333333 0.8555555555555555 0.6734375 0.8416666666666667 0.6682291666666667 0.8416666666666667 0.6651041666666667 0.8490740740740741 0.665625 0.8574074074074074 0.6739583333333333 0.8712962962962963
0 0.7428281250000001 0.6720064814814816 0.7346864583333333 0.6679527777777778 0.7314296875 0.6760601851851852 0.7395713541666668 0.6806925925925926 0.7493411458333333 0.6876407407407408 0.7501427083333333 0.6759824074074074 0.7428281250000001 0.6720064814814816
0 0.7457588541666667 0.6916944444444444 0.7415255208333333 0.6876407407407408 0.73208125 0.683587962962963 0.7298015625000001 0.6934314814814815 0.73826875 0.6998018518518518 0.7447817708333333 0.7032759259259259 0.7457588541666667 0.6916944444444444