0 0.25833333333333336 0.6370370370370371 0.2708333333333333 0.6296296296296297 0.27239583333333334 0.6240740740740741 0.2708333333333333 0.6185185185185185 0.26666666666666666 0.6157407407407407 0.2557291666666667 0.6194444444444445 0.25416666666666665 0.6268518518518519 0.25833333333333336 0.6370370370370371
0 0.3182291666666667 0.8361111111111111 0.325 0.825925925925926 0.32916666666666666 0.8138888888888889 0.32708333333333334 0.8083333333333333 0.3229166666666667 0.8064814814814815 0.3125 0.8231481481481482 0.31302083333333336 0.8314814814814815 0.3182291666666667 0.8361111111111111
0 0.40729166666666666 0.9537037037037037 0.4114583333333333 0.9537037037037037 0.41875 0.9287037037037037 0.4114583333333333 0.9203703703703704 0.40729166666666666 0.9314814814814815 0.4041666666666667 0.9481481481481482 0.40729166666666666 0.9537037037037037
0 0.54375 0.9842592592592593 0.5489583333333333 0.9842592592592593 0.5515625 0.9805555555555555 0.55 0.9537037037037037 0.5453125 0.9518518518518518 0.5416666666666666 0.9546296296296296 0.5416666666666666 0.9805555555555555 0.54375 0.9842592592592593
0 0.6020833333333333 0.9537037037037037 0.6041666666666666 0.9564814814814815 0.609375 0.9546296296296296 0.6114583333333333 0.9490740740740741 0.60625 0.924074074074074 0.6 0.925 0.5979166666666667 0.9333333333333333 0.6020833333333333 0.9537037037037037
0 0.70625 0.812037037037037 0.7119791666666667 0.8101851851851852 0.7140625 0.8037037037037037 0.7125 0.7972222222222223 0.703125 0.7833333333333333 0.6979166666666666 0.787962962962963 0.696875 0.7962962962962963 0.70625 0.812037037037037
0 0.7614583333333333 0.5879629629629629 0.7640625 0.5861111111111111 0.7645833333333333 0.5740740740740741 0.7630208333333334 0.5703703703703704 0.7520833333333333 0.5666666666666667 0.7484375 0.5703703703703704 0.7489583333333333 0.5824074074074074 0.7614583333333333 0.5879629629629629
0 0.7583333333333333 0.3712962962962963 0.7598958333333333 0.36666666666666664 0.7583333333333333 0.35648148148148145 0.7552083333333334 0.35462962962962963 0.7432291666666667 0.36203703703703705 0.7442708333333333 0.37777777777777777 0.7583333333333333 0.3712962962962963
0 0.6927083333333334 0.19537037037037036 0.6958333333333333 0.20277777777777778 0.6994791666666667 0.20277777777777778 0.7088541666666667 0.18518518518518517 0.703125 0.17407407407407408 0.696875 0.1787037037037037 0.6927083333333334 0.18888888888888888 0.6927083333333334 0.19537037037037036
0 0.6119791666666666 0.08518518518518518 0.6166666666666667 0.08611111111111111 0.6213541666666667 0.06388888888888888 0.6203125 0.05648148148148148 0.6119791666666666 0.05277777777777778 0.6083333333333333 0.06018518518518518 0.6067708333333334 0.07777777777777778 0.6119791666666666 0.08518518518518518
0 0.4739583333333333 0.04351851851851852 0.4859375 0.04259259259259259 0.48541666666666666 0.01574074074074074 0.48020833333333335 0.012962962962962963 0.475 0.018518518518518517 0.47604166666666664 0.028703703703703703 0.4739583333333333 0.04351851851851852
0 0.265625 0.43703703703703706 0.26510416666666664 0.4212962962962963 0.25104166666666666 0.4212962962962963 0.2515625 0.43703703703703706 0.265625 0.43703703703703706
0 0.37907708333333334 0.09200648148148148 0.3752890625 0.0795324074074074 0.36813333333333337 0.08726666666666667 0.373184375 0.09824351851851851 0.37778541666666665 0.11084537037037036 0.384128125 0.10572777777777778 0.37907708333333334 0.09200648148148148
0 0.37065885416666666 0.09998981481481482 0.3672916666666667 0.09026018518518518 0.3609776041666667 0.09749537037037037 0.3654677083333333 0.10922037037037037 0.3695796875 0.12290833333333334 0.3762708333333334 0.11446018518518519 0.37065885416666666 0.09998981481481482