0 0.2791666666666667 0.2796296296296296 0.28958333333333336 0.2861111111111111 0.2916666666666667 0.2824074074074074 0.290625 0.2722222222222222 0.28802083333333334 0.2675925925925926 0.2838541666666667 0.26296296296296295 0.278125 0.2657407407407407 0.2765625 0.27314814814814814 0.2791666666666667 0.2796296296296296
0 0.25052083333333336 0.4703703703703704 0.2604166666666667 0.4703703703703704 0.26510416666666664 0.4666666666666667 0.26197916666666665 0.4564814814814815 0.2515625 0.4546296296296296 0.2484375 0.4583333333333333 0.24791666666666667 0.4666666666666667 0.25052083333333336 0.4703703703703704
0 0.27239583333333334 0.6962962962962963 0.2828125 0.6851851851851852 0.284375 0.6768518518518518 0.2791666666666667 0.6703703703703704 0.2671875 0.6796296296296296 0.2682291666666667 0.6935185185185185 0.27239583333333334 0.6962962962962963
0 0.33541666666666664 0.8638888888888889 0.3453125 0.8407407407407408 0.3416666666666667 0.8351851851851851 0.3380208333333333 0.8351851851851851 0.33489583333333334 0.837037037037037 0.3296875 0.8490740740740741 0.3296875 0.8583333333333333 0.33541666666666664 0.8638888888888889
0 0.4609375 0.9768518518518519 0.4630208333333333 0.95 0.45625 0.9453703703703704 0.453125 0.9481481481481482 0.45208333333333334 0.9564814814814815 0.45208333333333334 0.9768518518518519 0.4609375 0.9768518518518519
0 0.515625 0.987037037037037 0.51875 0.987037037037037 0.521875 0.9796296296296296 0.521875 0.9592592592592593 0.5208333333333334 0.9564814814814815 0.5119791666666667 0.9592592592592593 0.5119791666666667 0.9805555555555555 0.515625 0.987037037037037
0 0.6380208333333334 0.9175925925925926 0.6401041666666667 0.9203703703703704 0.6453125 0.9175925925925926 0.6453125 0.9018518518518519 0.6411458333333333 0.8907407407407407 0.6369791666666667 0.8888888888888888 0.6322916666666667 0.8944444444444445 0.6317708333333333 0.9009259259259259 0.6380208333333334 0.9175925925925926
0 0.73125 0.7416666666666667 0.734375 0.7416666666666667 0.7375 0.7333333333333333 0.7375 0.7268518518518519 0.7270833333333333 0.7166666666666667 0.7234375 0.7157407407407408 0.7197916666666667 0.7231481481481481 0.7203125 0.7314814814814815 0.73125 0.7416666666666667
0 0.7645833333333333 0.5324074074074074 0.7666666666666667 0.5222222222222223 0.765625 0.5166666666666667 0.7510416666666667 0.5175925925925926 0.7510416666666667 0.5324074074074074 0.7645833333333333 0.5324074074074074
0 0.7375 0.337037037037037 0.7515625 0.33055555555555555 0.7515625 0.3212962962962963 0.7484375 0.3148148148148148 0.7427083333333333 0.31666666666666665 0.7354166666666667 0.3277777777777778 0.7375 0.337037037037037
0 0.68125 0.17592592592592593 0.6854166666666667 0.17685185185185184 0.6932291666666667 0.16111111111111112 0.69375 0.15462962962962962 0.6890625 0.14629629629629629 0.6833333333333333 0.15 0.6786458333333333 0.1685185185185185 0.68125 0.17592592592592593
0 0.5604166666666667 0.04351851851851852 0.5645833333333333 0.05277777777777778 0.56875 0.053703703703703705 0.575 0.04351851851851852 0.5760416666666667 0.028703703703703703 0.56875 0.023148148148148147 0.565625 0.025925925925925925 0.565625 0.037037037037037035 0.5604166666666667 0.04351851851851852
0 0.4558770833333333 0.03570277777777778 0.457609375 0.05198425925925926 0.4647859375 0.049784259259259264 0.4637963541666667 0.03350185185185185 0.4620640625 0.018100925925925927 0.454534375 0.02182777777777778 0.4558770833333333 0.03570277777777778
0 0.4454828125 0.03966296296296296 0.44771041666666667 0.055064814814814816 0.4556296875 0.052424074074074074 0.45414479166666666 0.03658240740740741 0.4521645833333333 0.02294166666666667 0.4439572916666667 0.027270370370370372 0.4454828125 0.03966296296296296