0 0.35989583333333336 0.9074074074074074 0.36822916666666666 0.8833333333333333 0.3625 0.8777777777777778 0.353125 0.8944444444444445 0.353125 0.9009259259259259 0.35989583333333336 0.9074074074074074
0 0.46510416666666665 0.9805555555555555 0.4661458333333333 0.9555555555555556 0.459375 0.9555555555555556 0.45625 0.9657407407407408 0.45625 0.9814814814814815 0.46510416666666665 0.9805555555555555
0 0.5833333333333334 0.962037037037037 0.590625 0.9611111111111111 0.5911458333333334 0.9527777777777777 0.5869791666666667 0.9314814814814815 0.5807291666666666 0.9314814814814815 0.5786458333333333 0.9407407407407408 0.5833333333333334 0.962037037037037
0 0.68125 0.8537037037037037 0.6854166666666667 0.8537037037037037 0.6890625 0.8453703703703703 0.6854166666666667 0.8351851851851851 0.6786458333333333 0.8231481481481482 0.6739583333333333 0.8277777777777777 0.6734375 0.8379629629629629 0.68125 0.8537037037037037
0 0.7541666666666667 0.6370370370370371 0.7583333333333333 0.6324074074074074 0.7583333333333333 0.6203703703703703 0.7427083333333333 0.6157407407407407 0.7416666666666667 0.6296296296296297 0.7541666666666667 0.6370370370370371
0 0.7552083333333334 0.5231481481481481 0.765625 0.5231481481481481 0.76875 0.512962962962963 0.76875 0.5083333333333333 0.7661458333333333 0.5064814814814815 0.7515625 0.5074074074074074 0.7526041666666666 0.5203703703703704 0.7552083333333334 0.5231481481481481
0 0.7338541666666667 0.3 0.7458333333333333 0.28888888888888886 0.7458333333333333 0.2824074074074074 0.7421875 0.2740740740740741 0.7380208333333333 0.2740740740740741 0.7291666666666666 0.28425925925925927 0.7307291666666667 0.29814814814814816 0.7338541666666667 0.3
0 0.6453125 0.11203703703703703 0.6515625 0.12037037037037036 0.6541666666666667 0.1175925925925926 0.659375 0.09814814814814815 0.6578125 0.09259259259259259 0.6520833333333333 0.08796296296296297 0.6479166666666667 0.09444444444444444 0.6484375 0.10092592592592593 0.6453125 0.11203703703703703
0 0.5411458333333333 0.04351851851851852 0.546875 0.04351851851851852 0.5484375 0.01574074074074074 0.5447916666666667 0.012037037037037037 0.5385416666666667 0.014814814814814815 0.5385416666666667 0.03796296296296296 0.5411458333333333 0.04351851851851852
0 0.26458333333333334 0.35648148148148145 0.2755208333333333 0.3574074074074074 0.278125 0.35 0.278125 0.3453703703703704 0.265625 0.33796296296296297 0.26145833333333335 0.3425925925925926 0.2609375 0.35185185185185186 0.26458333333333334 0.35648148148148145
0 0.3416666666666667 0.16111111111111112 0.3453125 0.16111111111111112 0.3494791666666667 0.15092592592592594 0.34270833333333334 0.13148148148148148 0.3380208333333333 0.13425925925925927 0.3338541666666667 0.14444444444444443 0.3333333333333333 0.14722222222222223 0.3416666666666667 0.16111111111111112
0 0.43020833333333336 0.06111111111111111 0.4322916666666667 0.06388888888888888 0.43697916666666664 0.06018518518518518 0.4390625 0.053703703703703705 0.43645833333333334 0.03425925925925926 0.428125 0.03611111111111111 0.4265625 0.04259259259259259 0.43020833333333336 0.06111111111111111
0 0.2568098958333333 0.5408425925925926 0.2504088541666667 0.5428861111111111 0.25008020833333333 0.5545601851851851 0.25713854166666666 0.5548518518518518 0.2660015625 0.552225 0.2643609375 0.5389324074074074 0.2568098958333333 0.5408425925925926
0 0.25008020833333333 0.5595212962962963 0.25008020833333333 0.5729472222222223 0.25631770833333334 0.5717796296296297 0.2660015625 0.5700287037037037 0.2667609375 0.5582962962962963 0.25648177083333334 0.558062037037037 0.25008020833333333 0.5595212962962963