0 0.2552083333333333 0.6064814814814815 0.26927083333333335 0.6018518518518519 0.2713541666666667 0.5953703703703703 0.26927083333333335 0.5861111111111111 0.2520833333333333 0.5925925925925926 0.2526041666666667 0.6027777777777777 0.2552083333333333 0.6064814814814815
0 0.25625 0.4046296296296296 0.2671875 0.4064814814814815 0.2703125 0.4027777777777778 0.26979166666666665 0.3907407407407407 0.25885416666666666 0.387037037037037 0.25416666666666665 0.3907407407407407 0.25364583333333335 0.4 0.25625 0.4046296296296296
0 0.3171875 0.8296296296296296 0.328125 0.812962962962963 0.328125 0.8092592592592592 0.325 0.8027777777777778 0.32083333333333336 0.8009259259259259 0.3109375 0.8175925925925925 0.3125 0.8277777777777777 0.3171875 0.8296296296296296
0 0.35572916666666665 0.8981481481481481 0.36354166666666665 0.9046296296296297 0.37135416666666665 0.8796296296296297 0.3671875 0.8731481481481481 0.3625 0.875 0.35572916666666665 0.8925925925925926 0.35572916666666665 0.8981481481481481
0 0.484375 0.9814814814814815 0.4864583333333333 0.9768518518518519 0.4859375 0.9527777777777777 0.4791666666666667 0.9518518518518518 0.47708333333333336 0.9583333333333334 0.47708333333333336 0.9824074074074074 0.484375 0.9814814814814815
0 0.31086041666666664 0.19891481481481482 0.31773124999999997 0.20831203703703705 0.32261979166666666 0.19821018518518518 0.3161453125 0.1904564814814815 0.30925677083333336 0.1812675925925926 0.30451822916666665 0.1935111111111111 0.31086041666666664 0.19891481481481482
0 0.703125 0.21203703703703702 0.7067708333333333 0.2111111111111111 0.7151041666666667 0.19814814814814816 0.7151041666666667 0.18888888888888888 0.7104166666666667 0.1814814814814815 0.6958333333333333 0.18796296296296297 0.6963541666666667 0.19537037037037036 0.703125 0.21203703703703702
0 0.7515625 0.43148148148148147 0.7666666666666667 0.42407407407407405 0.7651041666666667 0.4111111111111111 0.75 0.4148148148148148 0.7494791666666667 0.425 0.7515625 0.43148148148148147
0 0.7552083333333334 0.6287037037037037 0.7588541666666667 0.6268518518518519 0.7609375 0.6166666666666667 0.7588541666666667 0.6111111111111112 0.7479166666666667 0.6055555555555555 0.74375 0.6083333333333333 0.74375 0.6203703703703703 0.7552083333333334 0.6287037037037037
0 0.703125 0.8101851851851852 0.70625 0.812037037037037 0.7098958333333333 0.8064814814814815 0.7104166666666667 0.7953703703703704 0.7005208333333334 0.7814814814814814 0.6958333333333333 0.7842592592592592 0.6942708333333333 0.7898148148148149 0.6942708333333333 0.7953703703703704 0.703125 0.8101851851851852
0 0.6083333333333333 0.9407407407407408 0.6161458333333333 0.9416666666666667 0.61875 0.9351851851851852 0.6140625 0.9111111111111111 0.6114583333333333 0.9092592592592592 0.6052083333333333 0.9138888888888889 0.6046875 0.9222222222222223 0.6083333333333333 0.9407407407407408
0 0.39739583333333334 0.08333333333333333 0.4046875 0.0787037037037037 0.40572916666666664 0.07407407407407407 0.4010416666666667 0.05648148148148148 0.39739583333333334 0.05555555555555555 0.3921875 0.06111111111111111 0.39114583333333336 0.06481481481481481 0.39739583333333334 0.08333333333333333
0 0.6074463541666667 0.05752870370370371 0.6037770833333334 0.07134351851851851 0.6106833333333334 0.0763324074074074 0.615 0.06175 0.6173739583333333 0.04946944444444444 0.6112239583333333 0.045360185185185184 0.6074463541666667 0.05752870370370371
0 0.6165109375 0.06443611111111111 0.6130572916666667 0.07863518518518518 0.6193161458333333 0.08439166666666667 0.6234171875 0.07057592592592592 0.6270859375000001 0.05714444444444444 0.6211765625000001 0.05183333333333333 0.6165109375 0.06443611111111111