0 0.26458333333333334 0.5472222222222223 0.26666666666666666 0.5435185185185185 0.26666666666666666 0.5351851851851852 0.26510416666666664 0.5314814814814814 0.2557291666666667 0.5324074074074074 0.2520833333333333 0.5342592592592592 0.25 0.5416666666666666 0.25104166666666666 0.549074074074074 0.26458333333333334 0.5472222222222223
0 0.2791666666666667 0.31851851851851853 0.2838541666666667 0.31851851851851853 0.2869791666666667 0.3111111111111111 0.28489583333333335 0.30277777777777776 0.27395833333333336 0.2962962962962963 0.2703125 0.29907407407407405 0.26875 0.3101851851851852 0.2791666666666667 0.31851851851851853
0 0.2864583333333333 0.7527777777777778 0.296875 0.7407407407407407 0.29791666666666666 0.7361111111111112 0.29635416666666664 0.7296296296296296 0.2921875 0.7268518518518519 0.28020833333333334 0.737037037037037 0.28125 0.7490740740740741 0.2864583333333333 0.7527777777777778
0 0.3546875 0.9 0.359375 0.9009259259259259 0.36822916666666666 0.8787037037037037 0.3619791666666667 0.8712962962962963 0.35520833333333335 0.8833333333333333 0.35208333333333336 0.8944444444444445 0.3546875 0.9
0 0.45989583333333334 0.9805555555555555 0.4625 0.9768518518518519 0.4640625 0.9527777777777777 0.4557291666666667 0.9490740740740741 0.45260416666666664 0.9629629629629629 0.45260416666666664 0.9768518518518519 0.45989583333333334 0.9805555555555555
0 0.5958333333333333 0.9629629629629629 0.5984375 0.9564814814814815 0.59375 0.9333333333333333 0.5885416666666666 0.9324074074074075 0.5848958333333333 0.937037037037037 0.5890625 0.9629629629629629 0.5958333333333333 0.9629629629629629
0 0.35520833333333335 0.1398148148148148 0.3614583333333333 0.13333333333333333 0.3619791666666667 0.12962962962962962 0.3546875 0.11296296296296296 0.35208333333333336 0.1111111111111111 0.3463541666666667 0.11944444444444445 0.3458333333333333 0.12314814814814815 0.35520833333333335 0.1398148148148148
0 0.4036458333333333 0.08333333333333333 0.409375 0.08148148148148149 0.4114583333333333 0.07407407407407407 0.40729166666666666 0.05555555555555555 0.4036458333333333 0.053703703703703705 0.39947916666666666 0.05925925925925926 0.39895833333333336 0.06481481481481481 0.4036458333333333 0.08333333333333333
0 0.5364583333333334 0.046296296296296294 0.54375 0.046296296296296294 0.5458333333333333 0.018518518518518517 0.5395833333333333 0.013888888888888888 0.5364583333333334 0.017592592592592594 0.5354166666666667 0.04351851851851852 0.5364583333333334 0.046296296296296294
0 0.6473958333333333 0.1175925925925926 0.6536458333333334 0.09444444444444444 0.6458333333333334 0.08703703703703704 0.6395833333333333 0.10555555555555556 0.6401041666666667 0.11388888888888889 0.6473958333333333 0.1175925925925926
0 0.7375 0.27314814814814814 0.7390625 0.2657407407407407 0.7375 0.25925925925925924 0.7338541666666667 0.2564814814814815 0.7244791666666667 0.26851851851851855 0.7276041666666667 0.2824074074074074 0.7375 0.27314814814814814
0 0.7536458333333333 0.4703703703703704 0.76875 0.4666666666666667 0.76875 0.45740740740740743 0.7666666666666667 0.4527777777777778 0.7526041666666666 0.45555555555555555 0.7515625 0.4675925925925926 0.7536458333333333 0.4703703703703704
0 0.6833906249999999 0.8254120370370371 0.6893901041666666 0.8360796296296297 0.6966755208333333 0.8482722222222222 0.6988182291666667 0.8383657407407407 0.6964906249999999 0.8252796296296296 0.6885328125 0.8155055555555555 0.6833906249999999 0.8254120370370371
0 0.6892161458333333 0.8400203703703704 0.6804692708333333 0.8277231481481482 0.6768083333333333 0.8360416666666666 0.6837239583333333 0.8472537037037037 0.6877921874999999 0.860636111111111 0.6936546875 0.8460148148148149 0.6892161458333333 0.8400203703703704