0 0.32083333333333336 0.8481481481481481 0.32447916666666665 0.8481481481481481 0.3333333333333333 0.8296296296296296 0.33177083333333335 0.8203703703703704 0.32760416666666664 0.8185185185185185 0.3171875 0.8361111111111111 0.3171875 0.8416666666666667 0.32083333333333336 0.8481481481481481
0 0.26145833333333335 0.6462962962962963 0.2755208333333333 0.637962962962963 0.275 0.6268518518518519 0.27239583333333334 0.6240740740740741 0.25729166666666664 0.6314814814814815 0.25833333333333336 0.6435185185185185 0.26145833333333335 0.6462962962962963
0 0.43385416666666665 0.9703703703703703 0.4395833333333333 0.9694444444444444 0.4432291666666667 0.9425925925925925 0.44114583333333335 0.9388888888888889 0.4348958333333333 0.9388888888888889 0.4317708333333333 0.9518518518518518 0.43072916666666666 0.9666666666666667 0.43385416666666665 0.9703703703703703
0 0.55 0.9796296296296296 0.5567708333333333 0.9768518518518519 0.5557291666666667 0.9490740740740741 0.5473958333333333 0.9490740740740741 0.5484375 0.9768518518518519 0.55 0.9796296296296296
0 0.25364583333333335 0.5351851851851852 0.265625 0.5351851851851852 0.2677083333333333 0.5324074074074074 0.2682291666666667 0.525 0.265625 0.5185185185185185 0.2520833333333333 0.5212962962962963 0.2515625 0.5324074074074074 0.25364583333333335 0.5351851851851852
0 0.2890625 0.3 0.29322916666666665 0.30185185185185187 0.296875 0.2935185185185185 0.29635416666666664 0.2861111111111111 0.2859375 0.2777777777777778 0.28229166666666666 0.27685185185185185 0.2791666666666667 0.2814814814814815 0.2791666666666667 0.29259259259259257 0.2890625 0.3
0 0.35572916666666665 0.14537037037037037 0.359375 0.14629629629629629 0.36302083333333335 0.14074074074074075 0.3640625 0.13240740740740742 0.35885416666666664 0.11574074074074074 0.35572916666666665 0.11481481481481481 0.3489583333333333 0.12407407407407407 0.3484375 0.12962962962962962 0.35572916666666665 0.14537037037037037
0 0.4625 0.044444444444444446 0.46822916666666664 0.046296296296296294 0.47291666666666665 0.04351851851851852 0.47291666666666665 0.018518518518518517 0.4703125 0.01574074074074074 0.4625 0.018518518518518517 0.4609375 0.022222222222222223 0.4625 0.044444444444444446
0 0.58125 0.05185185185185185 0.5848958333333333 0.026851851851851852 0.5770833333333333 0.022222222222222223 0.5739583333333333 0.03148148148148148 0.5744791666666667 0.05 0.58125 0.05185185185185185
0 0.7546875 0.512962962962963 0.7666666666666667 0.5138888888888888 0.7703125 0.5055555555555555 0.76875 0.4962962962962963 0.7552083333333334 0.49722222222222223 0.7541666666666667 0.5 0.7526041666666666 0.5083333333333333 0.7546875 0.512962962962963
0 0.73125 0.7546296296296297 0.734375 0.7481481481481481 0.734375 0.7388888888888889 0.7234375 0.7277777777777777 0.7192708333333333 0.7305555555555555 0.7171875 0.7407407407407407 0.73125 0.7546296296296297
0 0.6526041666666667 0.9 0.6588541666666666 0.9 0.6614583333333334 0.8935185185185185 0.6546875 0.8731481481481481 0.6505208333333333 0.8712962962962963 0.6463541666666667 0.8759259259259259 0.6458333333333334 0.8814814814814815 0.6526041666666667 0.9
0 0.7395609375000001 0.28466759259259256 0.7302046875 0.2919231481481481 0.7330838541666667 0.3030185185185185 0.7414796875 0.2983240740740741 0.7503557291666667 0.2919231481481481 0.7457276041666667 0.2793861111111111 0.7395609375000001 0.28466759259259256
0 0.7496364583333333 0.2957638888888889 0.7426791666666667 0.30045740740740745 0.7350026041666666 0.3085657407407407 0.7383614583333333 0.31838148148148143 0.74411875 0.31283333333333335 0.7526572916666667 0.30637037037037035 0.7496364583333333 0.2957638888888889