0 0.2515625 0.5805555555555556 0.25625 0.5814814814814815 0.2677083333333333 0.575 0.265625 0.562962962962963 0.25052083333333336 0.5648148148148148 0.24947916666666667 0.575 0.2515625 0.5805555555555556
0 0.29375 0.7731481481481481 0.30364583333333334 0.7611111111111111 0.30520833333333336 0.7527777777777778 0.30364583333333334 0.7472222222222222 0.2994791666666667 0.7453703703703703 0.2875 0.7592592592592593 0.28958333333333336 0.7712962962962963 0.29375 0.7731481481481481
0 0.26197916666666665 0.35648148148148145 0.27239583333333334 0.36018518518518516 0.2760416666666667 0.3537037037037037 0.2765625 0.3453703703703704 0.275 0.3435185185185185 0.26614583333333336 0.3388888888888889 0.2604166666666667 0.3425925925925926 0.259375 0.3527777777777778 0.26197916666666665 0.35648148148148145
0 0.3958333333333333 0.9388888888888889 0.40260416666666665 0.9138888888888889 0.3958333333333333 0.9074074074074074 0.38958333333333334 0.924074074074074 0.3890625 0.9351851851851852 0.3958333333333333 0.9388888888888889
0 0.44947916666666665 0.975925925925926 0.45364583333333336 0.975925925925926 0.45625 0.9722222222222222 0.4578125 0.9490740740740741 0.45416666666666666 0.9435185185185185 0.4484375 0.9453703703703704 0.44635416666666666 0.9703703703703703 0.44947916666666665 0.975925925925926
0 0.5760416666666667 0.9657407407407408 0.5817708333333333 0.9675925925925926 0.5848958333333333 0.9638888888888889 0.5817708333333333 0.937962962962963 0.5796875 0.9351851851851852 0.5744791666666667 0.937962962962963 0.5729166666666666 0.9435185185185185 0.5760416666666667 0.9657407407407408
0 0.32447916666666665 0.18981481481481483 0.32864583333333336 0.18518518518518517 0.32916666666666666 0.17962962962962964 0.32447916666666665 0.1712962962962963 0.3171875 0.1675925925925926 0.3140625 0.1787037037037037 0.32447916666666665 0.18981481481481483
0 0.6229166666666667 0.09166666666666666 0.6338541666666667 0.10185185185185185 0.640625 0.08055555555555556 0.6401041666666667 0.07685185185185185 0.634375 0.06851851851851852 0.6307291666666667 0.06851851851851852 0.628125 0.075 0.6265625 0.08703703703703704 0.6229166666666667 0.09166666666666666
0 0.7223958333333333 0.26851851851851855 0.7354166666666667 0.25555555555555554 0.7338541666666667 0.24444444444444444 0.73125 0.24259259259259258 0.7203125 0.2518518518518518 0.7192708333333333 0.25925925925925924 0.7223958333333333 0.26851851851851855
0 0.7677083333333333 0.44814814814814813 0.7677083333333333 0.4388888888888889 0.7651041666666667 0.43333333333333335 0.7510416666666667 0.43703703703703706 0.7515625 0.45185185185185184 0.7677083333333333 0.44814814814814813
0 0.7510416666666667 0.6537037037037037 0.75625 0.6509259259259259 0.7572916666666667 0.6416666666666667 0.7557291666666667 0.6370370370370371 0.7447916666666666 0.6314814814814815 0.7401041666666667 0.6351851851851852 0.7395833333333334 0.6453703703703704 0.7510416666666667 0.6537037037037037
0 0.6890625 0.8379629629629629 0.6916666666666667 0.8416666666666667 0.6958333333333333 0.8407407407407408 0.6994791666666667 0.8277777777777777 0.6890625 0.8092592592592592 0.6833333333333333 0.8148148148148148 0.6822916666666666 0.8212962962962963 0.6890625 0.8379629629629629
0 0.5206031249999999 0.02473796296296296 0.521246875 0.04122592592592593 0.529359375 0.04145462962962963 0.529359375 0.025425 0.5302609375 0.011455555555555556 0.5212145833333334 0.011503703703703703 0.5206031249999999 0.02473796296296296
0 0.5110734375 0.02473796296296296 0.5123614583333334 0.04122592592592593 0.5197015625 0.041912962962962964 0.5191864583333333 0.02336388888888889 0.5191864583333333 0.010539814814814814 0.5117171875 0.010931481481481481 0.5110734375 0.02473796296296296