0 0.27239583333333334 0.7101851851851851 0.2864583333333333 0.6981481481481482 0.2859375 0.6907407407407408 0.2828125 0.6851851851851852 0.26875 0.6925925925925925 0.2682291666666667 0.7037037037037037 0.27239583333333334 0.7101851851851851
0 0.26614583333333336 0.4777777777777778 0.265625 0.4648148148148148 0.2520833333333333 0.4638888888888889 0.25052083333333336 0.4666666666666667 0.2515625 0.4787037037037037 0.26614583333333336 0.4777777777777778
0 0.26197916666666665 0.37037037037037035 0.27239583333333334 0.375 0.2765625 0.3712962962962963 0.2765625 0.36018518518518516 0.26614583333333336 0.35462962962962963 0.26197916666666665 0.35462962962962963 0.2604166666666667 0.35833333333333334 0.259375 0.36574074074074076 0.26197916666666665 0.37037037037037035
0 0.3416666666666667 0.175 0.35 0.15833333333333333 0.35 0.15462962962962962 0.34479166666666666 0.1537037037037037 0.3390625 0.1425925925925926 0.33125 0.15462962962962962 0.3359375 0.1685185185185185 0.3416666666666667 0.175
0 0.4317708333333333 0.06574074074074074 0.43802083333333336 0.06666666666666667 0.44114583333333335 0.05740740740740741 0.4395833333333333 0.04537037037037037 0.43645833333333334 0.03796296296296296 0.43072916666666666 0.03981481481481482 0.42916666666666664 0.04537037037037037 0.4317708333333333 0.06574074074074074
0 0.5572916666666666 0.046296296296296294 0.5635416666666667 0.04722222222222222 0.565625 0.026851851851851852 0.5645833333333333 0.018518518518518517 0.5567708333333333 0.018518518518518517 0.5557291666666667 0.022222222222222223 0.5552083333333333 0.04259259259259259 0.5572916666666666 0.046296296296296294
0 0.6614583333333334 0.1287037037037037 0.6692708333333334 0.10740740740740741 0.6651041666666667 0.09814814814814815 0.6619791666666667 0.09722222222222222 0.6578125 0.10555555555555556 0.6541666666666667 0.11944444444444445 0.6614583333333334 0.1287037037037037
0 0.7479166666666667 0.6824074074074075 0.753125 0.675 0.7520833333333333 0.6638888888888889 0.7411458333333333 0.6564814814814814 0.7359375 0.6638888888888889 0.7359375 0.6722222222222223 0.7479166666666667 0.6824074074074075
0 0.6630208333333333 0.8759259259259259 0.6671875 0.8833333333333333 0.6729166666666667 0.8805555555555555 0.6755208333333333 0.8731481481481481 0.6677083333333333 0.8518518518518519 0.6640625 0.850925925925926 0.6598958333333333 0.8564814814814815 0.6588541666666666 0.8629629629629629 0.6630208333333333 0.8759259259259259
0 0.5651041666666666 0.9564814814814815 0.5682291666666667 0.9731481481481481 0.5760416666666667 0.9712962962962963 0.5739583333333333 0.9425925925925925 0.5666666666666667 0.9435185185185185 0.5651041666666666 0.9453703703703704 0.5651041666666666 0.9564814814814815
0 0.4630208333333333 0.9814814814814815 0.4666666666666667 0.9527777777777777 0.4588541666666667 0.95 0.4557291666666667 0.9629629629629629 0.4557291666666667 0.9796296296296296 0.4630208333333333 0.9814814814814815
0 0.35208333333333336 0.8981481481481481 0.35572916666666665 0.8972222222222223 0.3640625 0.8796296296296297 0.3640625 0.8740740740740741 0.3578125 0.8675925925925926 0.3484375 0.8833333333333333 0.3484375 0.8935185185185185 0.35208333333333336 0.8981481481481481
0 0.7535848958333333 0.4464842592592592 0.7541744791666667 0.46151018518518516 0.7639994791666667 0.45766574074074073 0.7714666666666666 0.46255833333333335 0.7707791666666667 0.44680185185185184 0.7636067708333333 0.44613425925925926 0.7535848958333333 0.4464842592592592
0 0.7647854166666667 0.4761861111111111 0.7714666666666666 0.47548796296296303 0.7702875 0.4632574074074074 0.7639994791666667 0.46395648148148144 0.7555499999999999 0.4642685185185185 0.7551572916666667 0.4765361111111111 0.7647854166666667 0.4761861111111111