0 0.25052083333333336 0.5703703703703704 0.26458333333333334 0.5675925925925925 0.2671875 0.5638888888888889 0.265625 0.5518518518518518 0.24895833333333334 0.5555555555555556 0.2484375 0.5648148148148148 0.25052083333333336 0.5703703703703704
0 0.30104166666666665 0.7972222222222223 0.3109375 0.7833333333333333 0.31197916666666664 0.7777777777777778 0.3104166666666667 0.7722222222222223 0.3067708333333333 0.7703703703703704 0.2953125 0.7842592592592592 0.29583333333333334 0.7907407407407407 0.30104166666666665 0.7972222222222223
0 0.6098958333333333 0.9527777777777777 0.6119791666666666 0.9444444444444444 0.6078125 0.925 0.6052083333333333 0.9222222222222223 0.5989583333333334 0.9268518518518518 0.603125 0.9527777777777777 0.6098958333333333 0.9527777777777777
0 0.6958333333333333 0.837037037037037 0.7 0.8379629629629629 0.7036458333333333 0.8287037037037037 0.703125 0.8240740740740741 0.6932291666666667 0.8074074074074075 0.6880208333333333 0.8138888888888889 0.6875 0.8231481481481482 0.6958333333333333 0.837037037037037
0 0.7572916666666667 0.6324074074074074 0.7614583333333333 0.6296296296296297 0.7614583333333333 0.6166666666666667 0.7494791666666667 0.612037037037037 0.7447916666666666 0.6148148148148148 0.7447916666666666 0.6259259259259259 0.7572916666666667 0.6324074074074074
0 0.7510416666666667 0.42777777777777776 0.7651041666666667 0.42407407407407405 0.7677083333333333 0.4185185185185185 0.7651041666666667 0.4074074074074074 0.75 0.4111111111111111 0.7489583333333333 0.4222222222222222 0.7510416666666667 0.42777777777777776
0 0.6942708333333333 0.18888888888888888 0.6994791666666667 0.20555555555555555 0.7109375 0.19166666666666668 0.7119791666666667 0.18611111111111112 0.7072916666666667 0.17407407407407408 0.7015625 0.17685185185185184 0.6973958333333333 0.18703703703703703 0.6942708333333333 0.18888888888888888
0 0.6536458333333334 0.1259259259259259 0.6609375 0.13055555555555556 0.6677083333333333 0.10740740740740741 0.6619791666666667 0.09722222222222222 0.65625 0.10462962962962963 0.6510416666666666 0.12037037037037036 0.6536458333333334 0.1259259259259259
0 0.5427083333333333 0.04259259259259259 0.5453125 0.014814814814814815 0.5416666666666666 0.011111111111111112 0.5354166666666667 0.013888888888888888 0.5348958333333333 0.040740740740740744 0.5427083333333333 0.04259259259259259
0 0.41458333333333336 0.0787037037037037 0.415625 0.07314814814814814 0.4114583333333333 0.053703703703703705 0.4078125 0.05185185185185185 0.40260416666666665 0.05648148148148148 0.4078125 0.08055555555555556 0.41458333333333336 0.0787037037037037
0 0.3203125 0.20833333333333334 0.3260416666666667 0.19814814814814816 0.3177083333333333 0.17777777777777778 0.309375 0.18796296296296297 0.309375 0.19537037037037036 0.3203125 0.20833333333333334
0 0.2609375 0.37407407407407406 0.27291666666666664 0.37962962962962965 0.2755208333333333 0.3731481481481482 0.27447916666666666 0.362962962962963 0.2625 0.35648148148148145 0.25833333333333336 0.36203703703703705 0.25833333333333336 0.37037037037037035 0.2609375 0.37407407407407406
0 0.39610625 0.9279296296296297 0.4005395833333333 0.9123740740740741 0.39364322916666666 0.9064592592592593 0.39007135416666666 0.9209185185185185 0.3866229166666667 0.933187037037037 0.3926619791666666 0.9390675925925925 0.39610625 0.9279296296296297
0 0.38859375 0.9211379629629629 0.3927807291666667 0.9062398148148149 0.3865 0.8994481481481481 0.38206666666666667 0.9136888888888889 0.37812552083333334 0.9246435185185186 0.38486927083333333 0.9318398148148148 0.38859375 0.9211379629629629