0 0.2546875 0.42592592592592593 0.2625 0.42962962962962964 0.26875 0.42777777777777776 0.26979166666666665 0.41759259259259257 0.2682291666666667 0.412962962962963 0.2552083333333333 0.4101851851851852 0.253125 0.4148148148148148 0.2526041666666667 0.4222222222222222 0.2546875 0.42592592592592593
0 0.27122135416666665 0.3999824074074074 0.2559901041666667 0.3947657407407407 0.2545489583333333 0.40803518518518517 0.2708614583333333 0.41271481481481487 0.27122135416666665 0.3999824074074074
0 0.3 0.22685185185185186 0.3104166666666667 0.23425925925925925 0.3140625 0.23148148148148148 0.3151041666666667 0.22314814814814815 0.30572916666666666 0.20925925925925926 0.30364583333333334 0.20833333333333334 0.2994791666666667 0.21574074074074073 0.2984375 0.2222222222222222 0.3 0.22685185185185186
0 0.4078125 0.08425925925925926 0.41354166666666664 0.08148148148148149 0.41510416666666666 0.07314814814814814 0.4119791666666667 0.06018518518518518 0.4088541666666667 0.05462962962962963 0.4046875 0.05555555555555555 0.40208333333333335 0.06388888888888888 0.4078125 0.08425925925925926
0 0.5161458333333333 0.041666666666666664 0.5182291666666666 0.03888888888888889 0.5192708333333333 0.012962962962962963 0.5104166666666666 0.012037037037037037 0.5109375 0.03981481481481482 0.5161458333333333 0.041666666666666664
0 0.6130208333333333 0.08055555555555556 0.6234375 0.08981481481481482 0.6291666666666667 0.06851851851851852 0.628125 0.06018518518518518 0.621875 0.05555555555555555 0.6125 0.07407407407407407 0.6114583333333333 0.07777777777777778 0.6130208333333333 0.08055555555555556
0 0.7026041666666667 0.21296296296296297 0.7067708333333333 0.22314814814814815 0.7197916666666667 0.2064814814814815 0.7161458333333334 0.19444444444444445 0.7104166666666667 0.1935185185185185 0.7026041666666667 0.2064814814814815 0.7026041666666667 0.21296296296296297
0 0.7651041666666667 0.43703703703703706 0.7677083333333333 0.43333333333333335 0.765625 0.4203703703703704 0.7515625 0.42314814814814816 0.7510416666666667 0.4388888888888889 0.7651041666666667 0.43703703703703706
0 0.7479166666666667 0.6731481481481482 0.753125 0.6712962962962963 0.753125 0.6564814814814814 0.7421875 0.649074074074074 0.7375 0.65 0.7359375 0.6648148148148149 0.7479166666666667 0.6731481481481482
0 0.7203125 0.775 0.7244791666666667 0.7722222222222223 0.7270833333333333 0.7611111111111111 0.7177083333333333 0.7472222222222222 0.7135416666666666 0.7462962962962963 0.7098958333333333 0.7527777777777778 0.7104166666666667 0.7620370370370371 0.7203125 0.775
0 0.6125 0.9361111111111111 0.6197916666666666 0.9398148148148148 0.6234375 0.9277777777777778 0.6166666666666667 0.9074074074074074 0.6125 0.9064814814814814 0.6088541666666667 0.9111111111111111 0.6078125 0.9185185185185185 0.6125 0.9361111111111111
0 0.5088541666666667 0.9824074074074074 0.5109375 0.975925925925926 0.5109375 0.9574074074074074 0.5083333333333333 0.9537037037037037 0.5015625 0.9564814814814815 0.5015625 0.9805555555555555 0.5088541666666667 0.9824074074074074
0 0.3854166666666667 0.9351851851851852 0.3927083333333333 0.9111111111111111 0.3859375 0.9037037037037037 0.3802083333333333 0.9175925925925926 0.37916666666666665 0.9324074074074075 0.3854166666666667 0.9351851851851852
0 0.3 0.8055555555555556 0.3109375 0.7925925925925926 0.3125 0.7861111111111111 0.3104166666666667 0.7805555555555556 0.30572916666666666 0.7777777777777778 0.2953125 0.7898148148148149 0.29635416666666664 0.8018518518518518 0.3 0.8055555555555556