0 0.2546875 0.6055555555555555 0.26875 0.5990740740740741 0.26875 0.5907407407407408 0.265625 0.5861111111111111 0.25104166666666666 0.5907407407407408 0.2515625 0.6018518518518519 0.2546875 0.6055555555555555
0 0.29791666666666666 0.7907407407407407 0.30885416666666665 0.7722222222222223 0.303125 0.7620370370370371 0.29270833333333335 0.774074074074074 0.29270833333333335 0.7870370370370371 0.29791666666666666 0.7907407407407407
0 0.3890625 0.9361111111111111 0.39427083333333335 0.937962962962963 0.4015625 0.9138888888888889 0.39791666666666664 0.9055555555555556 0.39375 0.9055555555555556 0.390625 0.9138888888888889 0.38697916666666665 0.9314814814814815 0.3890625 0.9361111111111111
0 0.5057291666666667 0.9824074074074074 0.5072916666666667 0.9740740740740741 0.50625 0.9527777777777777 0.5 0.9527777777777777 0.4973958333333333 0.9583333333333334 0.4973958333333333 0.9805555555555555 0.5057291666666667 0.9824074074074074
0 0.39114583333333336 0.09444444444444444 0.3963541666666667 0.09351851851851851 0.4010416666666667 0.08703703703703704 0.4015625 0.08333333333333333 0.39479166666666665 0.06388888888888888 0.38697916666666665 0.06759259259259259 0.3854166666666667 0.07777777777777778 0.39114583333333336 0.09444444444444444
0 0.5255208333333333 0.041666666666666664 0.528125 0.012962962962962963 0.5260416666666666 0.010185185185185186 0.51875 0.012037037037037037 0.51875 0.03981481481481482 0.5255208333333333 0.041666666666666664
0 0.6192708333333333 0.08796296296296297 0.6307291666666667 0.09814814814814815 0.6348958333333333 0.075 0.6338541666666667 0.06759259259259259 0.6255208333333333 0.06388888888888888 0.6197916666666666 0.07407407407407407 0.6177083333333333 0.08148148148148149 0.6192708333333333 0.08796296296296297
0 0.70625 0.22592592592592592 0.7203125 0.20925925925925926 0.7182291666666667 0.19907407407407407 0.7140625 0.19537037037037036 0.7026041666666667 0.2074074074074074 0.7026041666666667 0.21481481481481482 0.70625 0.22592592592592592
0 0.7510416666666667 0.4148148148148148 0.765625 0.4074074074074074 0.7635416666666667 0.39444444444444443 0.7484375 0.3972222222222222 0.7479166666666667 0.40925925925925927 0.7510416666666667 0.4148148148148148
0 0.7510416666666667 0.6555555555555556 0.7552083333333334 0.6564814814814814 0.7583333333333333 0.6481481481481481 0.7588541666666667 0.6435185185185185 0.7552083333333334 0.6370370370370371 0.7427083333333333 0.6324074074074074 0.7401041666666667 0.637962962962963 0.740625 0.6481481481481481 0.7510416666666667 0.6555555555555556
0 0.6848958333333334 0.8574074074074074 0.6901041666666666 0.8555555555555555 0.6911458333333333 0.8462962962962963 0.6822916666666666 0.8268518518518518 0.6786458333333333 0.8277777777777777 0.675 0.8342592592592593 0.6744791666666666 0.8388888888888889 0.6848958333333334 0.8574074074074074
0 0.6333333333333333 0.924074074074074 0.640625 0.9212962962962963 0.6359375 0.8935185185185185 0.6296875 0.8953703703703704 0.6276041666666666 0.9018518518518519 0.6333333333333333 0.924074074074074
0 0.31897291666666666 0.21294351851851853 0.31179114583333334 0.20272870370370372 0.30496874999999996 0.1969824074074074 0.30209635416666664 0.20911296296296297 0.30568697916666665 0.21294351851851853 0.314603125 0.22552037037037037 0.31897291666666666 0.21294351851851853
0 0.30961927083333335 0.23772222222222222 0.3126494791666667 0.22613796296296299 0.3047713541666666 0.21482314814814812 0.2984078125 0.2097037037037037 0.29401354166666666 0.21967222222222224 0.3023057291666667 0.22633703703703703 0.30961927083333335 0.23772222222222222