0 0.2515625 0.5768518518518518 0.2635416666666667 0.575 0.26666666666666666 0.5712962962962963 0.26510416666666664 0.5574074074074075 0.24947916666666667 0.5601851851851852 0.24947916666666667 0.5740740740740741 0.2515625 0.5768518518518518
0 0.26145833333333335 0.5907407407407408 0.2671875 0.587037037037037 0.265625 0.5731481481481482 0.25052083333333336 0.5777777777777777 0.2515625 0.5907407407407408 0.26145833333333335 0.5907407407407408
0 0.2609375 0.375 0.27291666666666664 0.3787037037037037 0.2755208333333333 0.37222222222222223 0.27447916666666666 0.3638888888888889 0.27239583333333334 0.36203703703703705 0.26145833333333335 0.3574074074074074 0.25833333333333336 0.362962962962963 0.25833333333333336 0.37222222222222223 0.2609375 0.375
0 0.3296875 0.16666666666666666 0.334375 0.1787037037037037 0.3416666666666667 0.1675925925925926 0.33541666666666664 0.15 0.33125 0.15 0.3265625 0.1574074074074074 0.3255208333333333 0.1638888888888889 0.3296875 0.16666666666666666
0 0.4296875 0.06666666666666667 0.428125 0.04259259259259259 0.421875 0.04351851851851852 0.41822916666666665 0.04814814814814815 0.42135416666666664 0.0712962962962963 0.4296875 0.06666666666666667
0 0.534375 0.04259259259259259 0.5369791666666667 0.037037037037037035 0.5385416666666667 0.014814814814814815 0.5359375 0.011111111111111112 0.5286458333333334 0.012962962962962963 0.5286458333333334 0.040740740740740744 0.534375 0.04259259259259259
0 0.6401041666666667 0.10833333333333334 0.64375 0.10833333333333334 0.65 0.09351851851851851 0.6510416666666666 0.08425925925925926 0.646875 0.0787037037037037 0.6432291666666666 0.0787037037037037 0.6416666666666667 0.0824074074074074 0.6375 0.10277777777777777 0.6401041666666667 0.10833333333333334
0 0.73125 0.2833333333333333 0.740625 0.2722222222222222 0.7421875 0.26481481481481484 0.7401041666666667 0.25833333333333336 0.7354166666666667 0.2564814814814815 0.7244791666666667 0.2675925925925926 0.7270833333333333 0.2824074074074074 0.73125 0.2833333333333333
0 0.76875 0.5055555555555555 0.7703125 0.5027777777777778 0.7713541666666667 0.49074074074074076 0.76875 0.4861111111111111 0.7536458333333333 0.49074074074074076 0.7546875 0.5046296296296297 0.76875 0.5055555555555555
0 0.7473958333333334 0.6129629629629629 0.7583333333333333 0.6185185185185185 0.7625 0.6148148148148148 0.7635416666666667 0.6055555555555555 0.7614583333333333 0.600925925925926 0.7479166666666667 0.5962962962962963 0.7453125 0.6018518518518519 0.7447916666666666 0.6092592592592593 0.7473958333333334 0.6129629629629629
0 0.6885416666666667 0.8388888888888889 0.6921875 0.8416666666666667 0.6958333333333333 0.8361111111111111 0.6973958333333333 0.8314814814814815 0.6963541666666667 0.8240740740740741 0.6864583333333333 0.8092592592592592 0.6807291666666667 0.8157407407407408 0.6807291666666667 0.825 0.6885416666666667 0.8388888888888889
0 0.5927083333333333 0.9537037037037037 0.5947916666666667 0.9564814814814815 0.6015625 0.9537037037037037 0.6020833333333333 0.9444444444444444 0.5973958333333333 0.925 0.590625 0.925 0.5885416666666666 0.9314814814814815 0.5927083333333333 0.9537037037037037
0 0.4671875 0.9842592592592593 0.4713541666666667 0.9851851851851852 0.47760416666666666 0.9805555555555555 0.47760416666666666 0.9564814814814815 0.46927083333333336 0.9564814814814815 0.4661458333333333 0.9629629629629629 0.465625 0.9805555555555555 0.4671875 0.9842592592592593
0 0.3619791666666667 0.912962962962963 0.3645833333333333 0.9175925925925926 0.3697916666666667 0.9175925925925926 0.3776041666666667 0.8972222222222223 0.37395833333333334 0.887962962962963 0.3692708333333333 0.8870370370370371 0.3619791666666667 0.9046296296296297 0.3619791666666667 0.912962962962963