0 0.25052083333333336 0.5638888888888889 0.265625 0.562037037037037 0.2682291666666667 0.5537037037037037 0.265625 0.5462962962962963 0.24947916666666667 0.55 0.24895833333333334 0.5611111111111111 0.25052083333333336 0.5638888888888889
0 0.30052083333333335 0.7981481481481482 0.3125 0.7824074074074074 0.31145833333333334 0.7759259259259259 0.30625 0.7712962962962963 0.2947916666666667 0.7842592592592592 0.296875 0.7962962962962963 0.30052083333333335 0.7981481481481482
0 0.3421875 0.8796296296296297 0.35208333333333336 0.8583333333333333 0.3453125 0.8481481481481481 0.3359375 0.8648148148148148 0.33645833333333336 0.875 0.3421875 0.8796296296296297
0 0.4557291666666667 0.9787037037037037 0.46041666666666664 0.9768518518518519 0.4625 0.95 0.4546875 0.9453703703703704 0.4515625 0.9574074074074074 0.4515625 0.975925925925926 0.4557291666666667 0.9787037037037037
0 0.5848958333333333 0.9583333333333334 0.5875 0.9611111111111111 0.5921875 0.9592592592592593 0.5942708333333333 0.950925925925926 0.5901041666666667 0.9296296296296296 0.5869791666666667 0.9277777777777778 0.5817708333333333 0.9324074074074075 0.58125 0.9398148148148148 0.5848958333333333 0.9583333333333334
0 0.6864583333333333 0.8462962962962963 0.6927083333333334 0.8425925925925926 0.69375 0.8324074074074074 0.6859375 0.8166666666666667 0.6817708333333333 0.8148148148148148 0.678125 0.8203703703703704 0.678125 0.8324074074074074 0.6864583333333333 0.8462962962962963
0 0.2625 0.3638888888888889 0.2760416666666667 0.36574074074074076 0.27760416666666665 0.35555555555555557 0.2760416666666667 0.35185185185185186 0.26614583333333336 0.3472222222222222 0.2609375 0.3490740740740741 0.2604166666666667 0.3592592592592593 0.2625 0.3638888888888889
0 0.3285354166666667 0.16848148148148148 0.334765625 0.17869074074074073 0.3398963541666667 0.16891666666666666 0.3340328125 0.16044444444444445 0.32893072916666666 0.1497601851851852 0.32144999999999996 0.15979351851851853 0.3285354166666667 0.16848148148148148
0 0.7479166666666667 0.675 0.7520833333333333 0.6712962962962963 0.7520833333333333 0.6574074074074074 0.7411458333333333 0.6509259259259259 0.7375 0.6509259259259259 0.7354166666666667 0.6555555555555556 0.7359375 0.6657407407407407 0.7479166666666667 0.675
0 0.7526041666666666 0.4740740740740741 0.76875 0.475 0.76875 0.4583333333333333 0.7536458333333333 0.45925925925925926 0.7515625 0.46296296296296297 0.7526041666666666 0.4740740740740741
0 0.7166666666666667 0.24814814814814815 0.7307291666666667 0.2361111111111111 0.7302083333333333 0.22685185185185186 0.7239583333333334 0.21944444444444444 0.7119791666666667 0.22870370370370371 0.7125 0.23796296296296296 0.7166666666666667 0.24814814814814815
0 0.4197916666666667 0.06759259259259259 0.428125 0.06388888888888888 0.42864583333333334 0.05 0.42604166666666665 0.040740740740740744 0.4161458333333333 0.04351851851851852 0.41510416666666666 0.05 0.4197916666666667 0.06759259259259259
0 0.6406505208333333 0.08501203703703704 0.6363307291666668 0.10151203703703704 0.6417703125 0.10890833333333333 0.64705 0.09496851851851852 0.6496098958333333 0.08330462962962962 0.6429390625 0.07745092592592594 0.6406505208333333 0.08501203703703704
0 0.6379307291666667 0.0852962962962963 0.6411302083333333 0.07420185185185185 0.6355307291666666 0.06708981481481481 0.6305713541666667 0.07733055555555556 0.6265645833333333 0.09056759259259259 0.6329708333333334 0.09895092592592593 0.6379307291666667 0.0852962962962963