0 0.2546875 0.4166666666666667 0.26979166666666665 0.4185185185185185 0.26979166666666665 0.4046296296296296 0.259375 0.4009259259259259 0.25416666666666665 0.4027777777777778 0.253125 0.412962962962963 0.2546875 0.4166666666666667
0 0.27291666666666664 0.31203703703703706 0.28177083333333336 0.31851851851851853 0.2864583333333333 0.31851851851851853 0.2890625 0.31296296296296294 0.2875 0.30277777777777776 0.2791666666666667 0.2962962962962963 0.2755208333333333 0.2953703703703704 0.271875 0.3 0.2713541666666667 0.3101851851851852 0.27291666666666664 0.31203703703703706
0 0.3609375 0.11574074074074074 0.36354166666666665 0.1287037037037037 0.36614583333333334 0.13333333333333333 0.3703125 0.13055555555555556 0.3734375 0.12222222222222222 0.36614583333333334 0.10462962962962963 0.3625 0.10185185185185185 0.35885416666666664 0.10555555555555556 0.3578125 0.1111111111111111 0.3609375 0.11574074074074074
0 0.4635416666666667 0.049074074074074076 0.4708333333333333 0.05 0.4703125 0.021296296296296296 0.4661458333333333 0.018518518518518517 0.4609375 0.022222222222222223 0.45989583333333334 0.025925925925925925 0.4635416666666667 0.049074074074074076
0 0.25885416666666666 0.65 0.27447916666666666 0.6416666666666667 0.27395833333333336 0.6324074074074074 0.271875 0.6296296296296297 0.25729166666666664 0.6342592592592593 0.2557291666666667 0.637962962962963 0.25885416666666666 0.65
0 0.32083333333333336 0.8518518518518519 0.32395833333333335 0.8574074074074074 0.328125 0.8564814814814815 0.33541666666666664 0.8398148148148148 0.334375 0.8342592592592593 0.3296875 0.8314814814814815 0.3203125 0.8416666666666667 0.32083333333333336 0.8518518518518519
0 0.42239583333333336 0.9666666666666667 0.4276041666666667 0.9666666666666667 0.4328125 0.9407407407407408 0.428125 0.9342592592592592 0.4239583333333333 0.9351851851851852 0.4203125 0.9527777777777777 0.4197916666666667 0.9629629629629629 0.42239583333333336 0.9666666666666667
0 0.5338541666666666 0.9851851851851852 0.5390625 0.9842592592592593 0.5390625 0.9555555555555556 0.53125 0.9546296296296296 0.5307291666666667 0.9814814814814815 0.5338541666666666 0.9851851851851852
0 0.6369791666666667 0.9203703703703704 0.64375 0.9148148148148149 0.64375 0.9074074074074074 0.6369791666666667 0.887962962962963 0.6296875 0.8935185185185185 0.6291666666666667 0.8981481481481481 0.6369791666666667 0.9203703703703704
0 0.7307291666666667 0.7388888888888889 0.7364583333333333 0.7305555555555555 0.7354166666666667 0.7222222222222222 0.7239583333333334 0.7111111111111111 0.7192708333333333 0.7185185185185186 0.71875 0.7268518518518519 0.7307291666666667 0.7388888888888889
0 0.6854166666666667 0.1685185185185185 0.6932291666666667 0.1527777777777778 0.6932291666666667 0.14629629629629629 0.6895833333333333 0.1388888888888889 0.6854166666666667 0.13703703703703704 0.68125 0.14722222222222223 0.6796875 0.16111111111111112 0.6854166666666667 0.1685185185185185
0 0.5932291666666667 0.06111111111111111 0.5984375 0.04259259259259259 0.5979166666666667 0.03611111111111111 0.5901041666666667 0.032407407407407406 0.5864583333333333 0.040740740740740744 0.5848958333333333 0.05648148148148148 0.5932291666666667 0.06111111111111111
0 0.7505078125 0.5066861111111111 0.7513807291666666 0.5202685185185185 0.7594562499999999 0.5222092592592592 0.7655677083333334 0.5218212962962963 0.7663828125 0.5084611111111111 0.7601109375 0.507462037037037 0.7505078125 0.5066861111111111
0 0.7653494791666666 0.5257018518518519 0.7596744791666666 0.525313888888889 0.7500713541666666 0.5233731481481482 0.7494166666666667 0.5350157407407408 0.7596744791666666 0.5377324074074074 0.7636822916666667 0.5372638888888889 0.7653494791666666 0.5257018518518519