0 0.25833333333333336 0.6425925925925926 0.27395833333333336 0.6333333333333333 0.2703125 0.6222222222222222 0.25625 0.6268518518518519 0.2552083333333333 0.6351851851851852 0.25833333333333336 0.6425925925925926
0 0.2786458333333333 0.7444444444444445 0.28229166666666666 0.7462962962962963 0.2953125 0.7305555555555555 0.29010416666666666 0.7203703703703703 0.27708333333333335 0.7305555555555555 0.2760416666666667 0.7342592592592593 0.2786458333333333 0.7444444444444445
0 0.37083333333333335 0.9148148148148149 0.3776041666666667 0.8981481481481481 0.37864583333333335 0.8898148148148148 0.37083333333333335 0.8824074074074074 0.36302083333333335 0.9027777777777778 0.3651041666666667 0.9138888888888889 0.37083333333333335 0.9148148148148149
0 0.49895833333333334 0.9805555555555555 0.5 0.9527777777777777 0.49166666666666664 0.9527777777777777 0.49114583333333334 0.9777777777777777 0.49895833333333334 0.9805555555555555
0 0.6067708333333334 0.9416666666666667 0.6151041666666667 0.9398148148148148 0.6161458333333333 0.9324074074074075 0.6104166666666667 0.9120370370370371 0.6083333333333333 0.9101851851851852 0.603125 0.9138888888888889 0.6020833333333333 0.9212962962962963 0.6067708333333334 0.9416666666666667
0 0.6989583333333333 0.8231481481481482 0.7057291666666666 0.8138888888888889 0.7046875 0.8074074074074075 0.6958333333333333 0.7898148148148149 0.6885416666666667 0.8 0.6880208333333333 0.8064814814814815 0.6989583333333333 0.8231481481481482
0 0.753125 0.6472222222222223 0.7567708333333333 0.6444444444444445 0.7572916666666667 0.6314814814814815 0.7447916666666666 0.6222222222222222 0.740625 0.6277777777777778 0.740625 0.6398148148148148 0.753125 0.6472222222222223
0 0.7510416666666667 0.4027777777777778 0.7640625 0.3972222222222222 0.765625 0.39351851851851855 0.7630208333333334 0.3824074074074074 0.7489583333333333 0.3861111111111111 0.7479166666666667 0.3972222222222222 0.7510416666666667 0.4027777777777778
0 0.25729166666666664 0.39444444444444443 0.26927083333333335 0.39814814814814814 0.27291666666666664 0.3925925925925926 0.27239583333333334 0.3824074074074074 0.2578125 0.3787037037037037 0.2552083333333333 0.38425925925925924 0.2546875 0.38981481481481484 0.25729166666666664 0.39444444444444443
0 0.3140625 0.2212962962962963 0.3177083333333333 0.21851851851851853 0.32083333333333336 0.20925925925925926 0.3109375 0.1925925925925926 0.3067708333333333 0.19444444444444445 0.303125 0.20185185185185187 0.30364583333333334 0.2111111111111111 0.3140625 0.2212962962962963
0 0.4046875 0.07407407407407407 0.4078125 0.0787037037037037 0.4125 0.075 0.41510416666666666 0.07037037037037037 0.41510416666666666 0.06296296296296296 0.4114583333333333 0.05 0.403125 0.053703703703703705 0.4015625 0.06018518518518518 0.4046875 0.07407407407407407
0 0.5161458333333333 0.03611111111111111 0.5197916666666667 0.02962962962962963 0.5197916666666667 0.009259259259259259 0.5119791666666667 0.008333333333333333 0.5119791666666667 0.03611111111111111 0.5161458333333333 0.03611111111111111
0 0.7161260416666667 0.21273703703703703 0.7211598958333333 0.20256574074074074 0.7170416666666667 0.19158055555555556 0.7097197916666667 0.20093796296296296 0.7037708333333333 0.21151666666666666 0.7092401041666666 0.22193888888888888 0.7161260416666667 0.21273703703703703
0 0.7092619791666667 0.19849722222222224 0.7163552083333333 0.18832592592592592 0.71155 0.17856203703703705 0.7044572916666667 0.18710555555555558 0.6982791666666667 0.1989037037037037 0.7017770833333333 0.20638333333333334 0.7092619791666667 0.19849722222222224