0 0.2697848958333333 0.6684685185185185 0.26288802083333335 0.6730685185185185 0.26547447916666667 0.685775925925926 0.2721244791666667 0.6809555555555555 0.2812380208333333 0.6739453703703704 0.27916562500000003 0.6620092592592592 0.2697848958333333 0.6684685185185185
0 0.27335625 0.6851185185185186 0.2665828125 0.6890620370370371 0.2692921875 0.7026453703703703 0.2753265625 0.6980444444444445 0.28505572916666666 0.6910333333333334 0.28204583333333333 0.6779703703703703 0.27335625 0.6851185185185186
0 0.24791666666666667 0.47314814814814815 0.24791666666666667 0.4740740740740741 0.24895833333333334 0.48055555555555557 0.2515625 0.4861111111111111 0.253125 0.48703703703703705 0.26197916666666665 0.48703703703703705 0.2640625 0.4842592592592593 0.26458333333333334 0.4759259259259259 0.26458333333333334 0.47314814814814815 0.2640625 0.4722222222222222 0.2630208333333333 0.47129629629629627 0.26145833333333335 0.47129629629629627 0.2609375 0.4703703703703704 0.25416666666666665 0.46944444444444444 0.2515625 0.46944444444444444 0.24947916666666667 0.47129629629629627 0.2484375 0.47314814814814815 0.24791666666666667 0.47314814814814815
0 0.3 0.2638888888888889 0.30364583333333334 0.25833333333333336 0.30364583333333334 0.24722222222222223 0.29322916666666665 0.2351851851851852 0.28958333333333336 0.23981481481481481 0.28802083333333334 0.2518518518518518 0.3 0.2638888888888889
0 0.36875 0.125 0.3765625 0.1175925925925926 0.3776041666666667 0.11296296296296296 0.3703125 0.09351851851851851 0.3625 0.10092592592592593 0.3619791666666667 0.10555555555555556 0.36875 0.125
0 0.4661458333333333 0.046296296296296294 0.4739583333333333 0.04814814814814815 0.47708333333333336 0.04351851851851852 0.47708333333333336 0.025925925925925925 0.4739583333333333 0.017592592592592594 0.4661458333333333 0.018518518518518517 0.46458333333333335 0.021296296296296296 0.4661458333333333 0.046296296296296294
0 0.5880208333333333 0.062037037037037036 0.5901041666666667 0.05925925925925926 0.59375 0.03611111111111111 0.590625 0.03148148148148148 0.5848958333333333 0.03148148148148148 0.5822916666666667 0.04351851851851852 0.5817708333333333 0.05740740740740741 0.5880208333333333 0.062037037037037036
0 0.6927083333333334 0.18888888888888888 0.696875 0.1935185185185185 0.7067708333333333 0.17777777777777778 0.7072916666666667 0.17037037037037037 0.703125 0.16203703703703703 0.6984375 0.16203703703703703 0.6942708333333333 0.1685185185185185 0.6895833333333333 0.17777777777777778 0.6927083333333334 0.18888888888888888
0 0.7515625 0.39537037037037037 0.765625 0.387037037037037 0.765625 0.3768518518518518 0.7625 0.3731481481481482 0.7484375 0.3787037037037037 0.7479166666666667 0.387037037037037 0.7515625 0.39537037037037037
0 0.765625 0.5046296296296297 0.7703125 0.5009259259259259 0.7708333333333334 0.48703703703703705 0.7692708333333333 0.48333333333333334 0.7541666666666667 0.48703703703703705 0.7546875 0.5027777777777778 0.765625 0.5046296296296297
0 0.71875 0.7379629629629629 0.7291666666666666 0.7481481481481481 0.734375 0.7453703703703703 0.7348958333333333 0.7333333333333333 0.721875 0.7222222222222222 0.7192708333333333 0.7240740740740741 0.7171875 0.7324074074074074 0.71875 0.7379629629629629
0 0.64375 0.8842592592592593 0.646875 0.8962962962962963 0.6510416666666666 0.9027777777777778 0.6567708333333333 0.9009259259259259 0.6588541666666666 0.8888888888888888 0.6505208333333333 0.8703703703703703 0.6458333333333334 0.8731481481481481 0.64375 0.8768518518518519 0.64375 0.8842592592592593
0 0.5390625 0.9842592592592593 0.5390625 0.9564814814814815 0.5322916666666667 0.9546296296296296 0.5302083333333333 0.9583333333333334 0.53125 0.9833333333333333 0.5390625 0.9842592592592593
0 0.42135416666666664 0.9648148148148148 0.4270833333333333 0.9648148148148148 0.4328125 0.9416666666666667 0.42864583333333334 0.9342592592592592 0.425 0.9342592592592592 0.42135416666666664 0.9444444444444444 0.4192708333333333 0.9592592592592593 0.42135416666666664 0.9648148148148148