0 0.2578125 0.6259259259259259 0.2734375 0.6157407407407407 0.271875 0.6055555555555555 0.2552083333333333 0.6101851851851852 0.2546875 0.6194444444444445 0.2578125 0.6259259259259259
0 0.265625 0.425 0.26875 0.41944444444444445 0.26875 0.4111111111111111 0.26614583333333336 0.4083333333333333 0.25364583333333335 0.4064814814814815 0.2515625 0.40925925925925927 0.2520833333333333 0.4222222222222222 0.265625 0.425
0 0.32447916666666665 0.8435185185185186 0.33541666666666664 0.8240740740740741 0.33125 0.8148148148148148 0.32760416666666664 0.8157407407407408 0.3182291666666667 0.8324074074074074 0.3182291666666667 0.8379629629629629 0.32447916666666665 0.8435185185185186
0 0.3723958333333333 0.9138888888888889 0.3802083333333333 0.8935185185185185 0.3802083333333333 0.887962962962963 0.3729166666666667 0.8824074074074074 0.365625 0.9027777777777778 0.36614583333333334 0.9111111111111111 0.3723958333333333 0.9138888888888889
0 0.4973958333333333 0.9787037037037037 0.4984375 0.9527777777777777 0.49270833333333336 0.950925925925926 0.4890625 0.9555555555555556 0.4895833333333333 0.9768518518518519 0.4973958333333333 0.9787037037037037
0 0.6192708333333333 0.9305555555555556 0.6229166666666667 0.9342592592592592 0.6286458333333333 0.9287037037037037 0.6296875 0.924074074074074 0.6234375 0.9027777777777778 0.6192708333333333 0.9009259259259259 0.615625 0.9046296296296297 0.6151041666666667 0.9111111111111111 0.6192708333333333 0.9305555555555556
0 0.3098958333333333 0.2212962962962963 0.3145833333333333 0.2101851851851852 0.3104166666666667 0.2074074074074074 0.30885416666666665 0.19907407407407407 0.3046875 0.19444444444444445 0.29791666666666666 0.20555555555555555 0.29739583333333336 0.21296296296296297 0.3098958333333333 0.2212962962962963
0 0.38697916666666665 0.09166666666666666 0.390625 0.09166666666666666 0.39479166666666665 0.08518518518518518 0.39427083333333335 0.07592592592592592 0.39010416666666664 0.06388888888888888 0.38697916666666665 0.06296296296296296 0.38229166666666664 0.06851851851851852 0.38177083333333334 0.07592592592592592 0.38697916666666665 0.09166666666666666
0 0.703125 0.7824074074074074 0.7119791666666667 0.7935185185185185 0.7171875 0.7888888888888889 0.7171875 0.7759259259259259 0.70625 0.762962962962963 0.7026041666666667 0.7685185185185185 0.7010416666666667 0.7787037037037037 0.703125 0.7824074074074074
0 0.7572916666666667 0.6055555555555555 0.7635416666666667 0.6027777777777777 0.7630208333333334 0.5898148148148148 0.7484375 0.5851851851851851 0.7463541666666667 0.5898148148148148 0.7473958333333334 0.6018518518518519 0.7572916666666667 0.6055555555555555
0 0.7510416666666667 0.40925925925925927 0.7630208333333334 0.40555555555555556 0.765625 0.4009259259259259 0.7651041666666667 0.38981481481481484 0.7625 0.38796296296296295 0.7484375 0.39351851851851855 0.7489583333333333 0.4074074074074074 0.7510416666666667 0.40925925925925927
0 0.6958333333333333 0.1935185185185185 0.6994791666666667 0.19166666666666668 0.7083333333333334 0.17592592592592593 0.7036458333333333 0.16296296296296298 0.6984375 0.1648148148148148 0.6916666666666667 0.17962962962962964 0.6958333333333333 0.1935185185185185
0 0.6064770833333333 0.05508703703703704 0.6033536458333334 0.06970277777777778 0.6092718749999999 0.07525740740740741 0.6133822916666667 0.06005648148148149 0.6166703125 0.04719444444444444 0.6096333333333334 0.040798148148148146 0.6064770833333333 0.05508703703703704
0 0.5972708333333333 0.04894814814814814 0.593325 0.061518518518518514 0.6005588541666668 0.06561018518518517 0.6040114583333334 0.0515787037037037 0.607628125 0.0401787037037037 0.6002036458333334 0.034551851851851854 0.5972708333333333 0.04894814814814814